#    0.000   0.000   0.000 ;Mean Elev.(m), Avg Gradient(m/km), RMS Gradient(m/km) - SRTM1     
#    0.000   0.000   0.000 ;Mean Elev.(m), Avg Gradient(m/km), RMS Gradient(m/km) - ASTER GDEM
#    0.000  -0.349   3.376 ;Mean Elev.(m), Avg Gradient(m/km), RMS Gradient(m/km) - GMTED2010 
   1 309.817018   0.347987     1.540     1.689 51 54660.48058461 36.789
   2 309.813485   0.345015    -1.166     0.737 51 54670.39622921 41.474
   3 309.811901   0.344066    -1.393     0.764 51 54680.31187245 42.307
   4 309.814235   0.346144    -1.715    -0.150 51 54690.22751546 40.586
   5 309.819477   0.350363    -2.083     0.452 51 54700.14315691 41.368
   6 309.820550   0.349872    -2.678    -0.298 51 54710.05880192 39.279
   7 309.817121   0.348437     0.306     0.993 51 54719.97445243 34.535
   8 309.811505   0.344619    -0.945     0.855 51 54729.89009993 40.660
   9 309.806962   0.341994    -1.027     0.187 51 54739.80574655 39.278
  10 309.805101   0.341170    -1.598    -2.449 52 54749.72139391 40.628
  11 309.804787   0.340981    -1.198    -0.476 52 54759.63704137 39.819
  12 309.805734   0.340926    -0.880    -0.045 52 54769.55268664 40.717
  13 309.807465   0.341844     1.077     1.493 52 54779.46832872 34.397
  14 309.809293   0.343693     2.277     2.507 51 54789.38396826 25.464
  15 309.810427   0.344052    -0.936     0.638 51 54799.29960609 38.847
  17 309.816720   0.346819    -1.292    -0.955 51 54819.13088218 39.438
  18 309.815508   0.347495    -1.073    -0.614 51 54829.04653433 39.699
  19 309.811551   0.345089     1.096     1.356 51 54838.96217236 34.156
  20 309.806049   0.341403     1.997     2.528 52 54848.87782047 24.293
  21 309.801915   0.337943    -0.395     0.073 53 54858.79346849 38.006
  22 309.800585   0.337081    -1.058    -0.475 53 54868.70911746 42.290
  23 309.801561   0.338109    -0.943    -0.308 54 54878.62476617 42.304
  24 309.803866   0.340336    -1.183    -1.037 52 54888.54041198 41.918
  25 309.803378   0.339958    -1.387    -1.190 53 54898.45605354 44.265
  26 309.801249   0.337982     1.633     2.254 53 54908.37169178 25.924
  27 309.801016   0.337239    -0.163     0.607 54 54918.28732888 38.322
  28 309.804453   0.340113    -0.542     0.421 52 54928.20296680 39.241
  29 309.810153   0.344308    -1.382    -0.538 52 54938.11860446 41.080
  30 309.815445   0.346593    -1.615    -0.951 51 54948.03424001 37.799
  31 309.819334   0.348753    -1.889    -1.191 51 54957.94987598 36.961
  32 309.815951   0.346202     2.276     2.623 51 54967.86552351 34.117
  33 309.813790   0.346587     0.555     2.066 51 54977.78117096 33.334
  34 309.811395   0.344231    -0.046     0.792 51 54987.69681792 33.401
  35 309.811005   0.344364    -2.646    -2.725 51 54997.61246575 39.366
  36 309.810644   0.344198    -2.130    -1.359 52 55007.52811169 38.876
  37 309.809800   0.343262    -3.071    -3.313 51 55017.44375517 38.218
  38 309.808705   0.342924     2.342     2.486 52 55027.35939714 32.222
  39 309.808396   0.343275     2.374     3.014 52 55037.27503867 28.256
  40 309.810734   0.344490     0.812     1.759 51 55047.19067957 33.469
  41 309.815151   0.346034    -3.786    -3.984 51 55057.10631880 37.025
  42 309.819696   0.349562    -3.543    -3.621 51 55067.02195648 35.991
  43 309.815384   0.346193    -4.118    -6.363 51 55076.93760561 36.951
  44 309.810268   0.344200     0.273     1.306 51 55086.85325268 31.222
  45 309.806000   0.341379     2.928     3.239 52 55096.76889834 25.572
  46 309.805137   0.341041     0.835     2.029 52 55106.68454452 35.081
  47 309.806070   0.341216    -2.063    -0.608 52 55116.60019054 37.990
  48 309.807734   0.342620    -2.255    -1.280 52 55126.51583450 40.068
  49 309.808631   0.343455    -2.213    -2.166 52 55136.43147572 38.617
  50 309.809058   0.343411    -2.279    -0.539 51 55146.34711444 37.395
  51 309.810244   0.343757     3.013     3.126 52 55156.26275233 27.347
  52 309.812810   0.345882    -0.405     1.251 51 55166.17839075 32.080
  53 309.816134   0.347837    -3.257    -4.821 51 55176.09402888 35.626
  54 309.817602   0.348278    -3.665    -5.849 51 55186.00967096 35.479
  55 309.813381   0.345475    -1.144    -0.524 51 55195.92532118 36.997
  56 309.808368   0.342474    -2.779    -4.614 52 55205.84097024 37.334
  57 309.805069   0.340308     2.990     3.147 52 55215.75661918 25.452
  58 309.803709   0.339821     2.229     2.375 52 55225.67226810 31.401
  59 309.803972   0.340398    -1.353     0.307 52 55235.58791517 37.657
  60 309.805211   0.341356     0.287     0.073 52 55245.50355888 39.803
  61 309.805015   0.341933     0.419     0.189 52 55255.41919935 42.935
  62 309.802913   0.338862     0.063     0.221 53 55265.33483709 40.574
  63 309.803905   0.340277     1.957     2.728 52 55275.25047494 28.846
  64 309.807916   0.343050     2.931     3.708 52 55285.16611250 25.624
  65 309.813270   0.345039    -0.708     1.019 51 55295.08174822 34.561
  66 309.816837   0.348348    -3.633    -0.660 51 55304.99738751 33.928
  67 309.813655   0.345641    -2.403     0.504 51 55314.91303358 34.496
  68 309.811020   0.343687    -2.649    -0.087 51 55324.82867839 33.558
  69 309.810463   0.344362     2.544     2.574 51 55334.74432287 35.484
  70 309.810293   0.344057     3.103     3.445 51 55344.65996687 32.024
  71 309.810460   0.343609    -1.705     0.641 51 55354.57561011 33.249
  72 309.810941   0.343643    -2.976    -1.190 51 55364.49125123 34.366
  73 309.812307   0.345589    -4.207    -2.275 51 55374.40689099 36.238
  74 309.813715   0.345588    -3.803    -1.539 51 55384.32252898 40.230
  75 309.816140   0.346960     0.265     0.928 51 55394.23816639 29.460
  76 309.820000   0.349858     2.562     2.544 51 55404.15380478 30.249
  77 309.817741   0.349006    -2.146     0.648 51 55414.06945558 32.890
  78 309.814564   0.346421    -2.805    -0.974 51 55423.98510313 33.117
  79 309.812042   0.345542    -3.442    -2.692 51 55433.90074871 35.259
  80 309.808737   0.343059    -1.463    -1.507 52 55443.81639263 38.665
  81 309.806995   0.341497    -0.925    -1.069 52 55453.73203583 33.614
  82 309.808381   0.342929     2.916     3.115 52 55463.64767917 28.944
  83 309.811567   0.345110     2.767     2.928 51 55473.56332052 31.035
  84 309.814264   0.346493    -3.197    -1.639 51 55483.47895869 29.151
  85 309.815866   0.347663    -1.485    -0.666 51 55493.39459441 41.761
  86 309.817300   0.347376    -1.534    -0.923 51 55503.31022822 42.417
  87 309.815194   0.346084    -1.532    -1.636 51 55513.22587491 42.097
  88 309.814059   0.346459     2.773     2.837 51 55523.14152427 31.634
  89 309.812371   0.345207     2.813     3.142 52 55533.05717169 34.574
  90 309.810394   0.344001    -2.092    -0.337 51 55542.97281757 29.649
  91 309.808734   0.343730    -0.783    -0.650 52 55552.88846187 41.754
  92 309.807139   0.342448    -0.738    -0.472 52 55562.80410500 40.425
  93 309.808372   0.343442    -0.352    -0.283 52 55572.71974828 37.981
  94 309.810406   0.344121     2.590     2.540 51 55582.63539032 30.793
  95 309.812473   0.344307    -0.402     1.652 51 55592.55102882 30.776
  96 309.815284   0.346694    -1.616    -1.233 50 55602.46666434 33.327
  97 309.817682   0.348478    -1.966    -0.392 51 55612.38229729 39.858
  98 309.819406   0.348947    -1.798    -0.984 51 55622.29793192 38.546
  99 309.815115   0.345814    -1.299    -0.358 51 55632.21358328 38.615
 100 309.814306   0.346694     1.031     2.306 51 55642.12923353 27.590
 101 309.814061   0.346707    -0.807    -0.483 51 55652.04488089 31.639
 102 309.813030   0.345538    -2.621    -3.634 51 55661.96052401 35.300
 103 309.811566   0.344810    -2.322    -1.770 51 55671.87616428 36.966
 104 309.811285   0.344815    -2.331    -2.182 51 55681.79180354 36.501
 105 309.813701   0.345332    -1.769    -1.330 51 55691.70744160 38.723
 106 309.818739   0.349706    -1.885    -1.586 51 55701.62307901 37.418
 107 309.819889   0.349744    -0.065     2.191 52 55711.53872096 28.468
 108 309.815838   0.347271     1.001     2.282 51 55721.45436971 31.819
 109 309.812020   0.345126    -1.465    -1.420 51 55731.37001629 35.343
 110 309.810421   0.344304    -1.989    -2.621 52 55741.28566186 38.074
 111 309.810593   0.344238    -1.212    -1.340 52 55751.20130644 38.474
 112 309.812657   0.345308    -1.172    -1.176 51 55761.11694908 39.823
 113 309.814874   0.347030    -2.650    -3.344 51 55771.03258910 33.831
 114 309.815408   0.345920     2.902     3.003 51 55780.94822511 29.969
 115 309.817590   0.348494    -1.913    -2.931 51 55790.86385973 33.824
 116 309.821039   0.350992    -2.670    -1.476 51 55800.77949359 35.206
 117 309.818084   0.347812    -2.850    -3.567 51 55810.69514229 34.924
 118 309.817468   0.347889    -2.085    -2.459 51 55820.61079153 38.116
 119 309.818170   0.348290    -0.980     1.241 51 55830.52643623 25.523
 120 309.818603   0.348451     0.256     2.036 51 55840.44207617 25.873
 121 309.818353   0.348264    -2.116    -1.534 51 55850.35771269 34.413
 122 309.820153   0.350561    -1.914    -0.848 51 55860.27334761 38.427
 123 309.816712   0.347911    -2.213    -1.614 51 55870.18899770 37.118
 133 309.809637   0.344068    -0.099     0.672 52 55969.34543995 33.374
 134 309.811812   0.344839    -1.463    -1.990 52 55979.26107633 36.897
 135 309.817059   0.348535    -2.332    -2.304 51 55989.17671276 38.676
 136 309.819066   0.348546    -1.962    -1.196 51 55999.09235474 38.186
 137 309.816741   0.347572    -2.532    -0.699 50 56009.00800485 37.515
 138 309.813877   0.346168    -0.212     1.655 51 56018.92365083 32.530
 139 309.810308   0.343643     3.906     3.952 51 56028.83929381 28.156
 141 309.810837   0.344131    -2.082    -1.884 51 56048.67057654 34.599
 142 309.814795   0.345961    -2.116    -2.563 51 56058.58621480 35.902
 143 309.821446   0.351297    -1.033     0.995 52 56068.50184985 34.391
 144 309.816958   0.348377     0.822     1.925 51 56078.41749993 29.371
 145 309.812270   0.345237     2.580     3.345 51 56088.33314701 31.129
 146 309.810332   0.344096    -0.429     1.673 51 56098.24879208 36.314
 147 309.811418   0.344976    -1.786    -0.565 51 56108.16443556 35.694
 148 309.814121   0.346027    -1.359     0.352 52 56118.08006483 36.258
 149 309.817406   0.347249    -0.900     0.133 51 56127.99570221 40.438
 150 309.820679   0.351005    -0.308     0.893 51 56137.91133675 35.603
 151 309.816853   0.348488     2.430     2.804 51 56147.82698251 28.477
 152 309.813081   0.344719     0.799     2.417 51 56157.74263094 35.820
 153 309.812361   0.344369    -2.582    -2.785 51 56167.65827939 34.879
 154 309.813501   0.346150    -0.759     0.151 51 56177.57392576 37.217
 155 309.814388   0.345978    -1.262     0.434 51 56187.48956699 38.084
 156 309.815279   0.346933    -0.796     0.491 51 56197.40520465 39.367
 157 309.816505   0.347425     2.353     2.682 50 56207.32083906 26.393
 158 309.819609   0.349514     2.317     2.875 51 56217.23647219 34.915
 159 309.820628   0.350291     1.303     2.021 52 56227.15211504 31.723
 160 309.818625   0.349839    -1.229     0.601 51 56237.06776923 38.580
 161 309.815564   0.346589    -1.034     1.012 51 56246.98341907 38.668
 162 309.813444   0.345112    -0.438     0.628 51 56256.89906455 40.275
 163 309.812379   0.345214     2.161     2.128 51 56266.81470715 25.821
 164 309.812204   0.345459     3.572     3.738 51 56276.73034834 29.963
 165 309.810962   0.344682     1.534     2.449 51 56286.64599601 31.576
 166 309.809799   0.343789     0.010     1.060 51 56296.56164610 39.802
 167 309.808618   0.342879     0.320     0.810 52 56306.47729204 42.127
 168 309.807519   0.342442     0.484     0.938 51 56316.39293467 43.474
 169 309.807344   0.343037     1.405     2.393 52 56326.30857558 32.186
 170 309.809247   0.343817     2.872     3.592 52 56336.22421556 34.430
 171 309.813100   0.345365     2.347     2.774 52 56346.13985447 32.152
 172 309.818124   0.349288    -1.107     0.169 51 56356.05549157 41.356
 173 309.815434   0.346605     0.254     0.386 51 56365.97113742 40.554
 174 309.811100   0.344068     0.058     0.388 51 56375.88678518 41.693
 176 309.807412   0.342460     3.252     3.570 51 56395.71807439 29.379
 177 309.809377   0.343668     2.886     2.999 52 56405.63371659 31.690
 178 309.812499   0.344563    -1.161    -0.767 51 56415.54935550 33.534
 179 309.818299   0.349219    -1.302    -0.770 51 56425.46499038 41.434
 180 309.815282   0.346803    -0.498    -0.254 51 56435.38063781 43.634
 181 309.810099   0.343727    -0.670    -0.104 51 56445.29628814 44.090
 182 309.807813   0.343155     2.519     2.515 52 56455.21193671 27.792
 183 309.807465   0.342980     3.074     3.243 52 56465.12758255 35.084
 184 309.808620   0.342857    -0.830    -0.249 52 56475.04322491 35.893
 185 309.811093   0.344364    -0.569    -0.147 52 56484.95886443 44.464
 187 309.815780   0.346277    -0.325    -0.348 51 56504.79013617 41.790
 188 309.821871   0.351317     2.988     2.953 51 56514.70577102 27.445
 189 309.819667   0.349765     3.665     3.875 51 56524.62142329 32.985
 190 309.816719   0.347480     0.236     1.352 51 56534.53707415 31.306
 192 309.810590   0.344275     0.232    -0.263 52 56554.36836509 42.447
 193 309.809688   0.343558     0.259     0.036 52 56564.28400741 42.030
 194 309.811286   0.344678     2.905     2.929 51 56574.19964893 28.511
 195 309.814796   0.346189     3.501     3.597 51 56584.11528812 31.584
 196 309.820670   0.350249     0.221     1.146 51 56594.03092384 27.307
 197 309.815632   0.346499    -0.207    -0.593 51 56603.94657605 39.811
 198 309.811833   0.344180    -0.005     0.042 51 56613.86222410 41.071
 199 309.811051   0.344787    -0.078    -0.176 51 56623.77786926 40.545
 200 309.811232   0.344310     0.728     0.942 51 56633.69351157 28.416
 201 309.814909   0.346695     1.181     1.837 51 56643.60915004 25.325
 202 309.811905   0.344834     0.885     1.647 51 56653.52480186 29.793
 203 309.809034   0.343098     0.409     0.075 51 56663.44045067 35.462
 204 309.807042   0.342078     0.317    -0.117 52 56673.35609665 42.012
 205 309.806515   0.341830     0.287    -0.020 51 56683.27174127 43.732
 206 309.808258   0.342229    -0.166    -0.534 52 56693.18738399 44.703
 207 309.812811   0.344786     2.898     2.991 51 56703.10302318 30.199
 208 309.818158   0.348983     2.426     2.764 51 56713.01865764 28.865
 209 309.813816   0.346085    -1.309    -2.438 51 56722.93430446 36.568
 210 309.807719   0.342309    -0.248    -1.423 52 56732.84995418 42.590
 211 309.805195   0.341147    -0.094    -0.259 53 56742.76560143 43.020
 212 309.807235   0.343045    -0.174    -0.430 52 56752.68124540 42.224
 213 309.812160   0.345475     3.107     3.074 51 56762.59688437 28.100
 214 309.818074   0.348387     3.632     3.725 51 56772.51251697 35.073
 215 309.810857   0.344163     0.701     1.023 52 56782.42817316 32.000
 216 309.804739   0.340322    -0.250    -0.207 52 56792.34382561 45.205
 217 309.800348   0.336642    -0.090    -0.041 54 56802.25947519 45.037
 218 309.802354   0.338758    -0.147    -0.418 53 56812.17511886 45.641
 219 309.805784   0.340765     1.380     1.917 52 56822.09075874 30.644
 220 309.810483   0.344348     2.328     2.293 52 56832.00639495 29.971
 221 309.815039   0.346520    -2.714    -1.456 50 56841.92202768 30.022
 222 309.816600   0.347473    -2.003    -3.449 50 56851.83766647 38.956
 223 309.812348   0.345327    -2.003    -2.870 51 56861.75332016 44.974
 224 309.809681   0.343359    -1.233    -1.018 51 56871.66897351 42.302
 225 309.808484   0.342659    -0.881    -2.340 51 56881.58462426 35.995
 226 309.807113   0.341749    -2.015    -2.814 52 56891.50027121 27.118
 227 309.804627   0.340403    -0.965    -0.378 52 56901.41591476 31.856
 228 309.802009   0.338428    -0.038    -0.143 54 56911.33155600 37.775
 229 309.803358   0.339428    -1.018    -1.567 52 56921.24719645 44.401
 230 309.808750   0.343299    -1.439    -2.041 52 56931.16283568 45.808
 231 309.815839   0.347053    -1.694    -3.064 50 56941.07847003 45.175
 232 309.818961   0.349612    -2.671    -3.762 51 56950.99411108 29.316
 233 309.813725   0.346241     2.651     2.695 51 56960.90976157 23.886
 234 309.809637   0.343804    -1.708    -2.579 52 56970.82540763 33.137
 235 309.809408   0.343601    -2.411    -2.551 51 56980.74105072 44.619
 236 309.813053   0.345944    -1.437    -2.623 51 56990.65669032 45.395
 237 309.820291   0.350906    -2.741    -3.478 51 57000.57232439 44.874
 238 309.814530   0.345378    -2.071    -3.146 51 57010.48797913 29.492
 239 309.810639   0.344233     3.143     3.194 52 57020.40363085 28.388
 240 309.807565   0.342339    -0.288     0.792 52 57030.31927921 27.666
 241 309.806813   0.341945    -1.732    -1.970 52 57040.23492607 44.422
 242 309.808027   0.342072    -1.703    -2.281 52 57050.15057098 47.774
 243 309.811549   0.344180    -1.918    -2.650 51 57060.06621250 44.145
 244 309.815369   0.346829    -1.906    -0.408 51 57069.98184859 24.426
 245 309.818292   0.349093     3.034     3.091 51 57079.89748046 24.219
 246 309.817636   0.348648    -0.826     1.721 51 57089.81311952 24.454
 247 309.810981   0.344361    -1.457    -1.174 52 57099.72877639 39.195
 248 309.808392   0.342607    -1.321    -1.126 52 57109.64443106 46.780
 249 309.809541   0.343687    -2.120    -2.644 51 57119.56008112 45.792
 250 309.810279   0.344296    -1.531    -2.673 52 57129.47572493 46.556
