#    0.000   0.000   0.000 ;Mean Elev.(m), Avg Gradient(m/km), RMS Gradient(m/km) - SRTM1     
#    0.000   0.000   0.000 ;Mean Elev.(m), Avg Gradient(m/km), RMS Gradient(m/km) - ASTER GDEM
#   83.574   0.766   4.813 ;Mean Elev.(m), Avg Gradient(m/km), RMS Gradient(m/km) - GMTED2010 
   2 286.877020  -3.583089    84.859    83.910  4 54669.96757062 25.353
   4 286.877072  -3.583215    89.105    89.338  4 54689.79885720 19.370
   6 286.879755  -3.577606    81.063    78.390  4 54709.63014213 27.562
   8 286.875298  -3.584848    80.783    80.785  4 54729.46144388 44.225
   9 286.872501  -3.586478    82.732    83.457  3 54739.37709116 25.496
  10 286.871416  -3.587394    79.422    79.420  4 54749.29273817 39.979
  11 286.871505  -3.587863    81.415    81.444  3 54759.20838485 46.778
  12 286.872367  -3.586635    83.604    82.424  4 54769.12402891 32.475
  13 286.873806  -3.585547    82.837    82.759  4 54779.03966972 46.061
  14 286.874777  -3.584328    83.800    84.466  3 54788.95530816 29.081
  15 286.875082  -3.582707    89.135    89.175  4 54798.87094579 24.836
  17 286.878567  -3.579117    86.792    86.804  4 54818.70222163 24.762
  18 286.877831  -3.581668    86.950    87.044  4 54828.61787453 22.373
  19 286.875329  -3.584163    87.011    86.994  4 54838.53351435 23.353
  20 286.872190  -3.587509    84.297    84.271  3 54848.44916444 31.448
  21 286.869801  -3.588796    85.341    85.382  4 54858.36481339 41.337
  22 286.869103  -3.589228    85.702    85.626  4 54868.28046219 41.473
  23 286.869708  -3.588642    85.606    85.575  4 54878.19610994 34.038
  24 286.870974  -3.587271    86.501    86.372  4 54888.11175443 40.450
  25 286.871128  -3.587998    86.220    86.258  4 54898.02739588 37.243
  26 286.869896  -3.588419    86.915    86.393  4 54907.94303480 33.331
  27 286.870212  -3.589773    87.076    86.599  4 54917.85867303 33.702
  28 286.871613  -3.588185    86.632    86.597  4 54927.77431084 33.800
  29 286.873994  -3.584452    87.213    86.907  4 54937.68994773 33.091
  30 286.876841  -3.580831    88.429    88.316  4 54947.60558293 34.010
  31 286.879600  -3.579490    87.381    87.307  4 54957.52121812 34.365
  32 286.877352  -3.580448    87.901    87.370  4 54967.43686675 31.455
  33 286.875750  -3.582531    87.844    87.129  4 54977.35251431 33.468
  35 286.874948  -3.584591    86.296    86.304  4 54997.18380888 39.305
  36 286.875027  -3.584805    85.358    85.351  4 55007.09945429 37.581
  37 286.874804  -3.585497    86.459    85.335  4 55017.01509767 30.009
  38 286.873672  -3.585387    84.533    84.485  3 55026.93073958 28.993
  39 286.873466  -3.586683    84.158    84.192  4 55036.84638162 30.412
  40 286.874451  -3.584723    86.407    84.699  3 55046.76202238 27.467
  41 286.877411  -3.582391    85.732    84.258  4 55056.67766151 27.735
  42 286.879491  -3.578904    87.790    87.319  5 55066.59329805 25.051
  43 286.877177  -3.581050    88.626    89.820  4 55076.50894848 25.405
  44 286.874503  -3.585898    85.227    83.928  4 55086.42459705 31.221
  45 286.871855  -3.587218    78.638    78.684  3 55096.34024307 27.146
  46 286.871484  -3.587505    79.596    79.599  3 55106.25588857 29.415
  47 286.872464  -3.586925    79.971    79.939  3 55116.17153354 28.182
  48 286.873795  -3.586200    80.073    80.087  4 55126.08717617 30.483
  49 286.874307  -3.584850    83.950    80.942  3 55136.00281621 27.593
  50 286.874449  -3.583801    84.691    84.591  4 55145.91845450 28.271
  51 286.875050  -3.583531    90.314    90.327  4 55155.83409262 25.853
  52 286.876175  -3.582786    87.605    90.385  3 55165.74973108 23.791
  53 286.877700  -3.580533    87.173    87.243  4 55175.66536914 26.745
  54 286.878959  -3.579974    87.185    86.917  4 55185.58101106 26.524
  55 286.876319  -3.581978    87.703    87.726  4 55195.49666293 29.052
  56 286.873374  -3.585311    84.769    84.759  4 55205.41231353 43.995
  57 286.871301  -3.586923    83.291    83.438  4 55215.32796298 31.769
  58 286.870694  -3.588036    87.903    88.965  4 55225.24361169 22.627
  59 286.870931  -3.587455    83.966    83.912  4 55235.15925800 35.501
  60 286.872229  -3.587222    84.742    84.768  3 55245.07490110 30.913
  61 286.872118  -3.587446    85.889    84.961  4 55254.99054138 27.105
  62 286.871018  -3.587982    83.706    84.175  4 55264.90618028 31.666
  63 286.870969  -3.587871    84.596    84.664  3 55274.82181848 32.209
  64 286.872687  -3.585550    85.625    84.915  4 55284.73745587 29.937
  65 286.876010  -3.582839    88.079    88.468  4 55294.65309169 27.436
  66 286.877826  -3.581078    86.678    85.839  5 55304.56873018 31.361
  67 286.876048  -3.582538    86.850    85.730  4 55314.48437795 30.274
  68 286.875023  -3.585323    85.864    85.344  4 55324.40002391 27.936
  69 286.874292  -3.585762    85.946    85.954  4 55334.31566781 43.589
  70 286.873980  -3.585070    86.182    84.977  4 55344.23131108 29.735
  71 286.874433  -3.584645    84.528    84.592  3 55354.14695372 31.850
  72 286.875018  -3.583944    83.564    83.539  3 55364.06259423 41.171
  73 286.875671  -3.583473    89.384    90.027  4 55373.97823315 25.967
  74 286.876481  -3.582350    87.304    87.327  4 55383.89387096 27.278
  75 286.877528  -3.580825    90.376    90.546  4 55393.80950808 22.934
  76 286.879892  -3.579776    90.277    90.357  4 55403.72514541 19.617
  77 286.878273  -3.580808    90.228    90.372  4 55413.64079741 20.533
  78 286.876205  -3.581116    87.683    90.471  4 55423.55644637 27.278
  79 286.874760  -3.583083    83.807    83.795  4 55433.47209298 27.548
  80 286.873646  -3.586831    88.139    89.479  4 55443.38773804 18.641
  81 286.872553  -3.586864    90.164    90.306  4 55453.30338075 16.688
  82 286.873161  -3.585475    86.948    89.904  4 55463.21902238 19.792
  83 286.875331  -3.583701    86.591    89.677  4 55473.13466190 22.794
  84 286.877027  -3.580986    86.947    90.487  4 55483.05029839 23.946
  85 286.878152  -3.579744    86.865    89.879  4 55492.96593313 26.544
  86 286.879382  -3.578862    90.363    90.506  5 55502.88156681 19.285
  87 286.878237  -3.580734    90.266    90.431  4 55512.79721392 22.443
  88 286.876577  -3.581189    90.199    90.341  4 55522.71286396 22.416
  89 286.875901  -3.583731    82.747    80.235  4 55532.62851312 23.141
  90 286.874679  -3.584738    83.861    83.946  4 55542.54416023 23.304
  91 286.873495  -3.585560    80.452    80.465  3 55552.45980517 27.843
  92 286.872610  -3.586285    82.047    82.011  4 55562.37544859 36.583
  93 286.873136  -3.585485    83.365    82.028  4 55572.29109092 27.098
  94 286.874797  -3.584760    84.898    84.273  4 55582.20673192 25.941
  95 286.875961  -3.581444    81.562    81.403  4 55592.12236907 35.600
  96 286.878050  -3.580364    89.720    89.780  4 55602.03800340 20.156
  97 286.879570  -3.579156    83.104    83.115  4 55611.95363576 22.790
  98 286.880499  -3.577504    84.930    83.637  4 55621.86926951 22.881
  99 286.878189  -3.581631    88.409    89.551  4 55631.78492348 22.039
 100 286.877096  -3.583114    86.064    84.837  4 55641.70057496 27.933
 101 286.876249  -3.582298    85.783    85.736  4 55651.61622321 30.546
 102 286.875467  -3.582364    87.559    86.664  4 55661.53186768 30.682
 103 286.874841  -3.584236    87.390    87.421  3 55671.44750912 33.977
 104 286.874749  -3.584684    87.747    87.729  4 55681.36314838 37.314
 105 286.876384  -3.582941    87.646    87.643  4 55691.27878534 37.273
 106 286.879007  -3.580504    87.199    87.217  4 55701.19442045 33.791
 107 286.879923  -3.578830    86.459    86.413  5 55711.11006057 43.945
 108 286.877388  -3.579966    85.602    85.558  4 55721.02570986 33.744
 109 286.876009  -3.584289    86.201    85.120  4 55730.94135793 31.504
 110 286.874348  -3.583533    87.326    87.361  4 55740.85700389 30.617
 111 286.874378  -3.583882    85.658    84.426  4 55750.77264919 30.109
 112 286.875506  -3.583452    86.139    84.201  3 55760.68829223 28.466
 113 286.876091  -3.581229    87.698    88.256  4 55770.60393200 28.713
 114 286.877188  -3.581658    86.199    87.173  5 55780.51956899 29.308
 115 286.878031  -3.580051    81.849    81.870  4 55790.43520272 32.929
 116 286.880188  -3.578588    77.627    77.508  5 55800.35083517 31.607
 117 286.878998  -3.579192    88.346    89.627  4 55810.26648304 20.903
 118 286.878719  -3.579566    80.975    77.980  4 55820.18213140 27.950
 119 286.879413  -3.578924    79.494    79.503  4 55830.09777504 45.046
 120 286.879914  -3.578244    90.038    90.112  4 55840.01341416 19.969
 121 286.880031  -3.578702    82.520    81.797  4 55849.92905067 24.384
 122 286.880619  -3.578118    86.477    86.533  4 55859.84468536 19.867
 123 286.879084  -3.580919    89.896    89.972  4 55869.76033641 18.895
 133 286.874512  -3.583550    87.800    87.774  4 55968.91678021 30.162
 134 286.876194  -3.584091    87.359    86.475  4 55978.83241741 32.285
 135 286.878201  -3.580163    88.133    88.058  4 55988.74805319 29.289
 136 286.879881  -3.579406    87.000    86.976  4 55998.66369521 31.055
 137 286.877780  -3.579843    87.498    87.479  4 56008.57934674 33.281
 138 286.876349  -3.583146    88.339    88.366  4 56018.49499462 36.025
 139 286.873867  -3.584160    88.953    88.946  4 56028.41063869 45.786
 141 286.874465  -3.584459    88.728    88.674  3 56048.24192068 34.147
 142 286.876749  -3.581182    88.361    88.275  4 56058.15755721 34.250
 143 286.880826  -3.578723    87.898    87.886  4 56068.07318968 33.127
 144 286.878361  -3.580698    87.004    86.992  4 56077.98884003 33.053
 145 286.876016  -3.584450    86.870    85.805  4 56087.90448895 33.186
 146 286.874635  -3.585424    85.828    84.503  4 56097.82013509 30.021
 147 286.874655  -3.583784    84.809    84.383  4 56107.73577882 32.161
 148 286.876785  -3.583861    85.759    84.217  4 56117.65140875 30.956
 149 286.878157  -3.580386    86.969    86.021  5 56127.56704580 29.350
 150 286.879607  -3.579332    82.453    81.950  4 56137.48267958 36.914
 151 286.877896  -3.581764    82.074    82.015  4 56147.39832541 34.430
 152 286.875921  -3.582612    87.105    87.141  4 56157.31397423 28.533
 153 286.875629  -3.582849    83.907    83.667  4 56167.22962201 34.214
 154 286.876663  -3.583308    88.439    88.492  4 56177.14526733 25.945
 155 286.877673  -3.582171    90.219    90.285  4 56187.06090758 21.324
 156 286.878042  -3.580938    78.780    77.289  4 56196.97654419 31.249
 157 286.878382  -3.579495    88.764    90.362  4 56206.89217811 22.692
 158 286.879772  -3.577971    88.558    90.137  4 56216.80781089 22.853
 159 286.880580  -3.577918    87.878    87.023  5 56226.72345308 24.320
 160 286.879105  -3.579462    84.776    82.259  5 56236.63910866 27.282
 161 286.877516  -3.580602    84.184    83.142  4 56246.55476029 26.632
 162 286.876328  -3.582329    85.982    86.009  4 56256.47040695 27.030
 163 286.875719  -3.584001    84.112    82.106  4 56266.38604975 30.063
 164 286.875428  -3.583710    89.523    89.893  4 56276.30169031 23.317
 165 286.875114  -3.583956    87.171    88.200  3 56286.21733693 25.084
 166 286.874789  -3.584119    86.625    85.536  4 56296.13298678 29.298
 167 286.874281  -3.584116    86.660    86.651  4 56306.04863249 50.305
 168 286.874056  -3.586124    86.873    86.377  4 56315.96427557 29.135
 169 286.873031  -3.585254    87.073    86.171  4 56325.87991653 30.740
 170 286.873934  -3.584583    87.465    87.190  4 56335.79555701 30.816
 171 286.876185  -3.582901    88.148    88.052  4 56345.71119630 29.436
 172 286.878566  -3.580176    88.195    87.970  5 56355.62683303 30.794
 173 286.877251  -3.580888    87.365    87.425  4 56365.54247988 33.091
 174 286.874518  -3.583176    88.133    87.653  4 56375.45812929 38.167
 176 286.872637  -3.587701    87.805    87.825  4 56395.28941940 36.321
 177 286.873321  -3.585030    87.924    87.804  4 56405.20506017 36.223
 178 286.876034  -3.583981    88.296    87.755  4 56415.12069818 33.972
 179 286.878919  -3.579623    86.594    86.609  4 56425.03633072 36.108
 180 286.877374  -3.580000    87.625    87.489  4 56434.95197772 29.312
 181 286.874947  -3.585453    86.718    85.736  4 56444.86763045 30.739
 182 286.872565  -3.585890    86.008    85.191  4 56454.78327986 31.365
 183 286.872533  -3.587349    85.245    85.249  4 56464.69892696 30.670
 184 286.873465  -3.586881    84.748    84.756  4 56474.61457017 30.453
 185 286.874490  -3.584426    86.984    86.445  3 56484.53020955 25.875
 187 286.877568  -3.581960    85.422    84.038  4 56504.36147994 31.034
 188 286.880538  -3.578033    85.905    85.941  4 56514.27711180 25.546
 189 286.879836  -3.578941    85.727    86.093  4 56524.19276270 28.406
 190 286.878305  -3.579477    81.655    81.688  4 56534.10841352 42.610
 192 286.875629  -3.584035    85.755    84.260  4 56553.93970554 28.481
 193 286.874511  -3.583555    87.088    87.064  4 56563.85534805 30.426
 194 286.875263  -3.583775    87.171    87.060  4 56573.77098984 28.941
 195 286.876843  -3.581197    87.437    87.514  4 56583.68662889 26.734
 196 286.880408  -3.578864    85.368    84.214  4 56593.60226362 25.451
 197 286.877805  -3.581033    86.692    86.228  5 56603.51791720 26.474
 198 286.875406  -3.582588    83.787    81.629  4 56613.43356646 44.217
 199 286.874623  -3.583318    87.293    87.309  4 56623.34921137 28.737
 200 286.875211  -3.583932    83.135    83.079  3 56633.26485335 42.177
 201 286.877454  -3.581846    84.121    84.127  4 56643.18049012 32.251
 202 286.876475  -3.583435    83.981    83.938  4 56653.09614125 31.998
 203 286.875222  -3.585279    83.737    83.767  4 56663.01179061 30.774
 204 286.873419  -3.584877    86.235    85.172  4 56672.92743696 29.274
 205 286.873192  -3.586644    86.247    85.482  4 56682.84308273 27.843
 206 286.873690  -3.585069    87.209    87.164  4 56692.75872597 27.673
 207 286.876383  -3.583901    86.391    85.050  4 56702.67436546 25.736
 208 286.878605  -3.580278    88.062    88.537  5 56712.58999927 25.404
 210 286.873229  -3.587083    86.656    86.606  4 56732.42129919 35.456
 211 286.871534  -3.588484    87.114    87.024  4 56742.33694689 45.800
 212 286.872205  -3.587070    87.179    87.146  3 56752.25258966 33.677
 213 286.875204  -3.584222    87.513    87.530  4 56762.16822694 49.791
 214 286.878831  -3.579727    87.652    87.647  4 56772.08385706 38.846
 215 286.875078  -3.583503    88.138    87.630  4 56781.99951413 34.176
 216 286.871852  -3.587475    87.442    87.492  3 56791.91516878 32.264
 217 286.869325  -3.589842    87.797    87.471  3 56801.83082044 31.514
 218 286.869794  -3.589399    87.659    86.886  3 56811.74646460 28.965
 219 286.871248  -3.587063    86.421    86.371  4 56821.66210439 34.179
 221 286.877010  -3.583482    86.123    84.707  4 56841.49337260 30.653
 222 286.878035  -3.581701    83.828    83.800  4 56851.40900967 44.400
 223 286.875376  -3.583812    87.253    87.205  4 56861.32466380 27.831
 224 286.873727  -3.584227    83.585    81.891  4 56871.24031688 36.446
 225 286.873679  -3.585967    81.040    81.040  4 56881.15596739 38.826
 226 286.872998  -3.586229    83.153    83.648  3 56891.07161391 27.465
 227 286.871892  -3.588046    86.690    86.345  4 56900.98725783 24.554
 228 286.870024  -3.588122    88.704    90.048  4 56910.90289955 23.157
 229 286.870548  -3.587512    88.785    90.048  4 56920.81854008 22.478
 230 286.873498  -3.585682    87.773    89.597  3 56930.73417867 22.699
 231 286.877274  -3.581315    87.093    87.152  4 56940.64981201 26.155
 232 286.879175  -3.579869    86.600    84.800  5 56950.56545153 24.699
 233 286.876195  -3.582865    86.956    86.889  4 56960.48110406 27.757
 234 286.873903  -3.585131    82.583    82.076  3 56970.39675127 30.135
 235 286.873939  -3.585206    83.210    83.070  3 56980.31239410 37.589
 236 286.875687  -3.581867    83.166    83.152  4 56990.22803177 39.761
 237 286.880367  -3.579275    84.387    84.385  4 57000.14366347 27.750
 238 286.877935  -3.580901    88.724    89.982  4 57010.05931791 25.641
 239 286.875807  -3.584135    87.527    87.432  4 57019.97497046 27.522
 240 286.873601  -3.585064    86.614    85.618  4 57029.89061988 30.752
 241 286.873079  -3.586447    85.806    85.803  4 57039.80626808 30.271
 242 286.873382  -3.585300    86.934    86.109  4 57049.72191378 30.206
 243 286.875091  -3.583402    87.631    86.844  4 57059.63755547 33.493
 244 286.877137  -3.581970    87.204    87.174  4 57069.55319155 33.336
 245 286.878386  -3.580210    87.200    87.103  5 57079.46882307 34.586
 246 286.878273  -3.580195    87.721    87.587  4 57089.38446091 48.677
 247 286.874690  -3.584295    87.499    87.518  3 57099.30011942 35.520
 248 286.873684  -3.586796    87.955    87.901  4 57109.21577465 37.318
 249 286.874080  -3.585330    88.451    88.449  4 57119.13142373 42.075
 250 286.874683  -3.585081    88.502    88.494  4 57129.04706710 34.258
