# NaN NaN NaN ;Mean Elev.(m), Avg Gradient(m/km), RMS Gradient(m/km) - SRTM1     
# NaN NaN NaN ;Mean Elev.(m), Avg Gradient(m/km), RMS Gradient(m/km) - ASTER GDEM
#    3.246  -0.414   3.239 ;Mean Elev.(m), Avg Gradient(m/km), RMS Gradient(m/km) - GMTED2010 
   1 308.478601  -0.565263     1.674     1.666  9 54663.95501157 15.776
   2 308.477725  -0.567751     1.196     1.135 25 54673.87065640 23.994
   3 308.477101  -0.568691     1.091     1.084 25 54683.78629975 25.912
   4 308.478482  -0.568279     1.522     1.523 24 54693.70194189 24.577
   5 308.481152  -0.566227     2.955     2.899 23 54703.61758148 24.449
   6 308.480531  -0.566200     2.214     2.209 23 54713.53323165 25.207
   7 308.478589  -0.567884     1.189     1.435 25 54723.44888279 26.172
   8 308.475725  -0.571909     0.303     0.666 24 54733.36453180 33.870
   9 308.473083  -0.574612    -0.149     0.124 23 54743.28017889 32.233
  10 308.472370  -0.575580     1.344     1.386 23 54753.19582529 21.517
  11 308.473101  -0.574696     1.888     1.881 24 54763.11147086 21.074
  12 308.474456  -0.573401     2.046     2.005 23 54773.02711386 21.368
  13 308.475492  -0.572568     0.518     0.821 23 54782.94275421 24.144
  14 308.475675  -0.569859     0.607     0.757 24 54792.85839205 30.558
  17 308.479747  -0.568015     1.320     1.269 24 54822.60531080 24.308
  18 308.477316  -0.568365     2.362     2.298 25 54832.52095168 26.084
  19 308.475440  -0.572505     1.765     2.021 23 54842.43660310 24.733
  20 308.472996  -0.574688     1.276     1.257 23 54852.35225264 21.685
  21 308.471349  -0.575810     0.959     0.956 24 54862.26790147 24.458
  22 308.470868  -0.576510     1.105     1.014 23 54872.18355004 25.695
  23 308.471270  -0.575535     1.186     1.295 23 54882.09919635 22.983
  24 308.472533  -0.575745     2.370     2.903 23 54892.01483960 27.622
  25 308.472176  -0.575016     2.961     3.124 23 54901.93047975 26.894
  26 308.471595  -0.575353     2.283     2.252 24 54911.84611875 20.536
  27 308.471979  -0.576334     1.743     1.545 23 54921.76175715 23.020
  28 308.473513  -0.574158     1.836     1.742 23 54931.67739452 20.167
  29 308.475971  -0.568989     0.989     1.461 24 54941.59302987 24.915
  30 308.479633  -0.567075     3.491     3.487 24 54951.50866424 26.261
  31 308.479635  -0.566399     3.047     3.081 24 54961.42430583 27.170
  32 308.477389  -0.567507     0.883     1.305 25 54971.33995451 30.586
  33 308.476278  -0.568456     1.667     1.795 25 54981.25560178 28.785
  34 308.476036  -0.569110     0.937     1.115 25 54991.17124859 29.704
  35 308.475700  -0.570046     1.637     1.664 24 55001.08689497 27.875
  36 308.475588  -0.572076     2.347     3.014 24 55011.00253982 31.457
  37 308.475072  -0.571682     2.618     2.873 23 55020.91818270 28.317
  38 308.475176  -0.572486     1.759     1.866 23 55030.83382503 23.811
  39 308.475364  -0.571838     1.749     1.678 23 55040.74946659 22.079
  40 308.476133  -0.567151     1.345     1.283 25 55050.66510617 24.415
  41 308.478978  -0.567152     1.498     1.438 24 55060.58074482 23.568
  42 308.479717  -0.567987     2.059     2.301 24 55070.49638669 26.116
  43 308.476664  -0.568238     3.019     2.949 25 55080.41203582 26.613
  44 308.474761  -0.572513     1.450     1.389 24 55090.32768382 26.118
  45 308.473106  -0.574233     0.587     0.965 23 55100.24333014 24.658
  46 308.472838  -0.574229     0.685     0.779 24 55110.15897560 26.233
  47 308.473835  -0.572743     0.432     0.581 23 55120.07461919 28.744
  48 308.475356  -0.572575     1.019     1.077 24 55129.99026050 23.869
  49 308.475503  -0.571772     1.525     2.040 24 55139.90589970 26.898
  50 308.475787  -0.572046     2.491     2.479 24 55149.82153841 23.572
  51 308.476005  -0.568139     0.390     0.687 26 55159.73717641 29.914
  52 308.478336  -0.567387     0.146     0.468 25 55169.65281506 30.961
  53 308.480543  -0.566500    -0.473     0.288 24 55179.56845256 30.706
  54 308.478716  -0.567042     1.805     1.725 24 55189.48409988 25.299
  55 308.475735  -0.570708     2.377     2.553 24 55199.39975138 32.885
  56 308.473788  -0.573811     2.052     2.601 24 55209.31540182 29.013
  57 308.473229  -0.574805     1.037     1.108 23 55219.23105123 23.103
  58 308.473018  -0.574817     1.306     1.425 23 55229.14669940 22.368
  59 308.473041  -0.574121     1.342     1.130 23 55239.06234427 21.304
  60 308.473062  -0.574755     1.379     1.943 23 55248.97798575 25.417
  61 308.472158  -0.574782     2.702     3.059 24 55258.89362488 27.949
  62 308.472058  -0.574486     3.057     3.056 23 55268.80926351 25.627
  63 308.473272  -0.574152     1.712     1.796 23 55278.72490222 26.013
  64 308.475499  -0.571791     1.158     1.358 24 55288.64053944 22.240
  65 308.478097  -0.567368     1.471     1.528 25 55298.55617388 37.319
  66 308.478202  -0.567483     0.778     0.963 24 55308.47181750 29.034
  67 308.476284  -0.569236     2.089     2.485 25 55318.38746406 31.075
  68 308.475164  -0.572139     2.071     2.318 24 55328.30310953 31.342
  69 308.474803  -0.572079     1.779     2.120 24 55338.21875356 28.173
  70 308.475597  -0.570964    -0.016     0.988 24 55348.13439695 26.255
  71 308.476095  -0.568930     0.233     0.518 25 55358.05003830 30.371
  72 308.475969  -0.568217     1.002     0.918 25 55367.96567778 28.204
  73 308.476115  -0.568205     0.954     1.300 25 55377.88131611 30.383
  74 308.477332  -0.568204     1.973     2.451 24 55387.79695396 28.139
  75 308.479842  -0.567790     2.575     2.517 24 55397.71259115 25.723
  76 308.481312  -0.566926     1.262     1.405 23 55407.62823512 27.427
  77 308.479130  -0.566645     1.162     1.148 24 55417.54388607 27.801
  78 308.476753  -0.568848     0.334     0.847 25 55427.45953410 34.179
  79 308.475075  -0.572435     2.192     2.277 24 55437.37517955 25.033
  80 308.473800  -0.573341     2.346     2.874 24 55447.29082293 29.160
  81 308.474168  -0.573529     0.511     0.743 24 55457.20646575 30.762
  82 308.475600  -0.572566     0.371     0.575 23 55467.12210766 30.316
  83 308.477143  -0.569112     0.151     0.733 25 55477.03774584 32.085
  84 308.478893  -0.567231    -0.426     0.374 24 55486.95338124 31.939
  85 308.480043  -0.566627     0.648     1.171 23 55496.86901488 25.943
  86 308.480384  -0.566558     2.529     2.566 23 55506.78465128 24.561
  87 308.477913  -0.567207     2.124     2.111 24 55516.70030209 24.032
  88 308.477282  -0.567809     0.406     0.720 24 55526.61595226 30.010
  89 308.476467  -0.568104     0.338     0.637 26 55536.53160038 30.777
  90 308.475582  -0.570352     0.034     0.335 24 55546.44724669 30.366
  91 308.474345  -0.573136     0.444     0.917 23 55556.36289106 31.606
  92 308.473461  -0.573297     1.210     1.655 24 55566.27853382 24.595
  93 308.474758  -0.572210     2.161     2.152 24 55576.19417564 23.343
  94 308.476050  -0.568062     1.211     1.465 25 55586.10981492 26.175
  95 308.479063  -0.568369     0.618     1.012 24 55596.02545199 28.523
  96 308.480156  -0.567007     0.309     0.698 24 55605.94108546 28.667
  97 308.481492  -0.567359     0.392     0.580 23 55615.85671752 30.275
  98 308.480530  -0.566783     1.758     1.754 23 55625.77235924 23.597
  99 308.478352  -0.567375     2.958     2.873 24 55635.68801174 25.386
 100 308.477591  -0.568140     3.016     2.987 25 55645.60366235 24.341
 101 308.476445  -0.567144     1.866     2.092 25 55655.51930978 27.893
 102 308.476226  -0.568745     0.104     0.971 25 55665.43495321 32.210
 103 308.475971  -0.570465     1.375     1.437 24 55675.35059339 32.653
 104 308.475857  -0.569533     1.271     1.784 25 55685.26623099 27.747
 105 308.477781  -0.568619     2.322     2.609 25 55695.18186740 37.329
 106 308.481204  -0.566831     2.155     2.266 24 55705.09750238 31.413
 107 308.481150  -0.567000     1.657     1.904 24 55715.01314947 27.725
 108 308.478707  -0.567727     0.909     1.241 25 55724.92879782 26.655
 109 308.475710  -0.567359     0.965     1.014 25 55734.84444420 32.344
 110 308.475643  -0.571971     1.855     1.831 23 55744.76009079 23.920
 111 308.475408  -0.571110     2.457     2.496 23 55754.67573485 22.814
 112 308.476744  -0.569032     2.699     2.651 25 55764.59137655 25.550
 113 308.478159  -0.567341     1.844     1.804 25 55774.50701556 27.765
 114 308.479241  -0.567986     0.246     0.645 24 55784.42265171 29.633
 115 308.480032  -0.567290     0.261     0.465 23 55794.33828497 29.836
 116 308.481406  -0.567559     0.533     0.723 23 55804.25392201 26.719
 117 308.480045  -0.566593     0.687     0.913 24 55814.16957074 28.099
 118 308.480430  -0.566949     0.308     1.064 24 55824.08521769 25.766
 119 308.481294  -0.567371     1.846     1.841 23 55834.00086003 24.440
 120 308.481703  -0.566966     0.412     0.935 23 55843.91649832 26.777
 121 308.481838  -0.565370    -0.351     0.114 23 55853.83213367 29.580
 122 308.482658  -0.566512    -0.292     0.254 22 55863.74777157 29.267
 123 308.479125  -0.567025     0.202     0.461 24 55873.66342554 26.819
 133 308.476016  -0.569598     1.522     1.508 25 55972.81986386 37.350
 134 308.477363  -0.567803     1.372     1.372 24 55982.73550019 23.195
 135 308.481297  -0.566999     1.361     1.309 24 55992.65113529 23.118
 136 308.480665  -0.567301     1.683     1.900 23 56002.56678427 25.829
 137 308.478232  -0.568131     3.154     3.156 25 56012.48243438 27.147
 139 308.474932  -0.572054     1.615     1.827 24 56032.31372472 26.195
 141 308.476129  -0.568334     0.849     1.093 26 56052.14500343 37.104
 142 308.479119  -0.566861     0.676     0.885 24 56062.06063875 29.187
 143 308.481347  -0.567432     2.452     2.632 23 56071.97627812 27.359
 144 308.478442  -0.568300     2.281     2.427 24 56081.89192802 26.647
 145 308.476236  -0.569013     2.146     2.060 25 56091.80757562 23.870
 146 308.475610  -0.569379     1.597     1.548 24 56101.72322115 22.256
 147 308.475848  -0.568678     1.346     1.246 25 56111.63885242 23.242
 148 308.477542  -0.568198     1.845     1.793 24 56121.55449197 27.699
 149 308.479799  -0.567113     3.074     3.198 24 56131.47012771 27.326
 150 308.481113  -0.566507     1.981     2.596 23 56141.38576296 28.967
 151 308.477688  -0.567171     0.793     1.311 24 56151.30141343 27.185
 152 308.476376  -0.568093     0.539     0.989 25 56161.21706216 31.854
 153 308.476229  -0.566952     0.910     0.974 25 56171.13270871 29.100
 154 308.477727  -0.567658     0.560     0.730 24 56181.04835151 29.047
 155 308.478474  -0.567669     2.959     3.002 25 56190.96399026 26.107
 156 308.478843  -0.567675     1.840     2.450 24 56200.87962637 26.634
 157 308.480266  -0.566401     0.720     0.919 24 56210.79526039 26.417
 158 308.483615  -0.565814    -0.343     0.191 23 56220.71089312 30.828
 159 308.481779  -0.565378    -0.962     0.308 23 56230.62654439 31.227
 160 308.479910  -0.567381     0.216     0.488 23 56240.54219816 27.478
 161 308.477490  -0.567955     2.508     2.457 24 56250.45784757 24.246
 162 308.476348  -0.568272     1.381     1.603 25 56260.37349215 28.226
 163 308.476043  -0.567395     0.547     1.048 25 56270.28913387 28.924
 164 308.477389  -0.568071     0.442     0.759 25 56280.20477413 30.760
 165 308.475946  -0.569282     0.308     0.535 25 56290.12042571 30.064
 166 308.475518  -0.571475     0.436     0.581 24 56300.03607405 28.955
 167 308.474988  -0.572186     1.503     1.905 24 56309.95171804 23.086
 168 308.474437  -0.571846     3.141     3.155 23 56319.86735976 23.958
 169 308.474994  -0.572901     2.675     2.669 23 56329.78300132 22.856
 170 308.475700  -0.569784     1.662     1.625 24 56339.69864149 25.459
 171 308.478257  -0.567503     1.356     1.281 25 56349.61427993 24.251
 172 308.480867  -0.566898     1.171     1.175 23 56359.52991705 31.325
 173 308.476749  -0.566959     2.175     2.148 25 56369.44556752 26.489
 175 308.473563  -0.574761     3.036     3.121 23 56389.27686179 25.996
 176 308.474302  -0.572914     1.516     1.768 23 56399.19250451 27.661
 177 308.475645  -0.568844     1.133     1.426 25 56409.10814413 31.522
 178 308.478643  -0.568121     0.876     1.354 24 56419.02378009 32.241
 179 308.481120  -0.567214     1.683     1.801 23 56428.93941365 25.698
 180 308.476079  -0.567125     3.473     3.525 25 56438.85506650 26.913
 181 308.474753  -0.572369     3.151     3.177 24 56448.77071846 25.556
 182 308.474313  -0.573041     2.063     2.055 23 56458.68636757 22.179
 183 308.474545  -0.573166     2.076     1.941 24 56468.60201344 22.106
 184 308.475059  -0.572582     1.206     1.476 24 56478.51765514 23.780
 185 308.475739  -0.571129     0.739     1.259 23 56488.43329276 29.888
 187 308.479821  -0.567509     2.463     2.513 24 56508.26456102 25.322
 188 308.482625  -0.566575     0.047     0.202 23 56518.18019923 27.472
 189 308.481007  -0.567257     1.012     1.458 24 56528.09585273 25.584
 190 308.479672  -0.567563     0.735     0.878 24 56538.01150196 27.795
 191 308.477554  -0.568220     0.692     0.746 24 56547.92714726 29.491
 192 308.475911  -0.570776     1.276     1.886 24 56557.84279067 26.234
 193 308.475742  -0.571921     2.815     2.879 23 56567.75843337 23.128
 194 308.476201  -0.567955     2.122     2.136 25 56577.67407401 24.314
 195 308.480073  -0.567105     1.121     1.125 24 56587.58971218 27.938
 196 308.481441  -0.565767     0.169     0.508 23 56597.50535379 30.763
 197 308.477931  -0.567565     0.034     0.404 25 56607.42100588 31.221
 198 308.475872  -0.570413     1.730     1.754 24 56617.33665318 23.216
 199 308.475539  -0.571001     2.057     2.419 24 56627.25229659 28.573
 200 308.476753  -0.569085     0.579     1.325 25 56637.16793665 28.645
 201 308.478752  -0.567550     0.288     0.608 25 56647.08357793 28.380
 202 308.476803  -0.568972     0.690     0.850 25 56656.99922992 28.563
 203 308.475465  -0.571782     0.310     0.509 23 56666.91487801 31.503
 205 308.474462  -0.573206     2.757     2.948 23 56686.74616809 25.122
 206 308.475674  -0.571431     0.165     1.206 24 56696.66181044 30.061
 207 308.477788  -0.567229     1.846     1.951 24 56706.57744783 24.806
 208 308.480825  -0.567132     1.047     1.438 24 56716.49308276 27.707
 209 308.476159  -0.569414     0.932     1.067 25 56726.40873654 26.824
 211 308.471997  -0.574461     3.045     3.028 23 56746.24003229 24.539
 212 308.473992  -0.572470     2.740     2.797 23 56756.15567325 25.712
 213 308.477652  -0.567723     1.769     2.354 25 56766.07130797 26.227
 214 308.479138  -0.566653     1.697     2.106 24 56775.98694805 28.047
 215 308.475611  -0.571805     1.279     1.555 24 56785.90260496 23.122
 216 308.471782  -0.575338     1.594     1.741 23 56795.81825813 27.606
 217 308.470101  -0.577440     2.232     2.209 23 56805.73390705 18.424
 219 308.473941  -0.573452     1.944     2.650 23 56825.56518744 28.281
 220 308.475921  -0.569221     2.642     2.638 24 56835.48082181 31.372
 221 308.478510  -0.566678     0.201     0.620 24 56845.39645312 36.416
 222 308.477500  -0.568013     0.132     0.450 25 56855.31209969 35.697
 223 308.475530  -0.569947     0.621     1.061 24 56865.22775297 26.479
 224 308.474740  -0.571887     1.962     2.196 23 56875.14340538 27.374
 225 308.474294  -0.572896     2.052     2.544 24 56885.05905447 30.507
 226 308.473712  -0.573108     1.422     2.133 24 56894.97470042 24.048
 227 308.472922  -0.574519     0.578     0.828 24 56904.89034355 27.591
 228 308.472073  -0.575566     1.137     1.069 23 56914.80598483 25.040
 229 308.472994  -0.574852     1.286     1.201 23 56924.72162438 21.906
 230 308.475637  -0.571320     2.727     2.768 24 56934.63726090 22.481
 231 308.480133  -0.566713     2.448     2.565 23 56944.55289218 24.164
 232 308.479542  -0.567200     1.023     1.310 23 56954.46854164 28.268
 233 308.476369  -0.568136     0.569     0.888 26 56964.38419174 32.652
 234 308.475202  -0.571947     0.346     0.657 24 56974.29983768 29.125
 235 308.475666  -0.572284     0.698     0.753 23 56984.21547850 26.149
 236 308.478056  -0.568012     0.583     1.296 24 56994.13111338 25.222
 237 308.481001  -0.565907     2.041     2.171 23 57004.04675158 25.779
 238 308.477927  -0.567253     0.750     1.537 25 57013.96240742 26.478
 239 308.475636  -0.569826     1.380     1.403 24 57023.87805880 23.297
 240 308.474514  -0.572413     0.488     0.601 24 57033.79370815 28.668
 241 308.474280  -0.571989     0.642     0.568 23 57043.70935478 28.300
 242 308.475587  -0.572226     0.744     0.825 24 57053.62499924 26.728
 243 308.476207  -0.568096     2.821     2.880 26 57063.54063815 25.970
 244 308.478197  -0.567506     2.431     2.337 25 57073.45627282 29.653
 245 308.480737  -0.566528     0.899     1.480 23 57083.37190356 28.647
 246 308.478232  -0.567270     0.784     0.893 24 57093.28755282 28.003
 247 308.475618  -0.571626     0.273     0.772 23 57103.20321023 35.264
 248 308.474681  -0.572755     1.185     1.187 23 57113.11886310 24.367
 249 308.475258  -0.572299     2.805     3.090 23 57123.03450971 27.418
 250 308.475583  -0.571358     3.014     3.356 24 57132.95015077 28.797
