#    0.000   0.000   0.000 ;Mean Elev.(m), Avg Gradient(m/km), RMS Gradient(m/km) - SRTM1     
#    0.000   0.000   0.000 ;Mean Elev.(m), Avg Gradient(m/km), RMS Gradient(m/km) - ASTER GDEM
#    3.198  -0.044   2.337 ;Mean Elev.(m), Avg Gradient(m/km), RMS Gradient(m/km) - GMTED2010 
   1 303.109389  -2.561039    13.270    13.270  2 54664.46177201 30.554
   2 303.103503  -2.573007    12.559    12.663 13 54674.37741356 30.937
   3 303.102912  -2.572885    12.338    12.447 12 54684.29305644 25.498
   4 303.104426  -2.573711    12.105    12.057 13 54694.20869787 31.535
   5 303.107719  -2.574281    11.434    11.268 12 54704.12433702 23.668
   6 303.106688  -2.574614    10.906    10.639 12 54714.03998717 26.317
   7 303.104542  -2.573562    10.132     9.920 13 54723.95563764 28.776
   8 303.100978  -2.571528    10.420    10.869 12 54733.87128626 23.047
   9 303.097710  -2.570353     9.499     9.549 12 54743.78693367 24.215
  10 303.096225  -2.570779     9.576     9.784 13 54753.70258066 24.242
  11 303.097454  -2.569366     9.539     9.753 13 54763.61822766 22.969
  12 303.098725  -2.569723     8.852     8.268 13 54773.53387161 23.046
  13 303.098932  -2.571752     8.117     7.801 13 54783.44951226 27.348
  14 303.099863  -2.572027     7.636     7.704 13 54793.36515090 30.817
  17 303.104730  -2.574081     9.844    10.086 12 54823.11206852 24.864
  18 303.102404  -2.573420    10.114    10.187 12 54833.02770862 26.128
  19 303.099855  -2.571274    10.367     9.879 13 54842.94335903 26.085
  20 303.097674  -2.569109    10.808    10.418 13 54852.85900859 24.774
  21 303.095742  -2.569311    11.251    11.173 13 54862.77465755 25.168
  22 303.094709  -2.569927    11.836    11.701 13 54872.69030645 29.283
  23 303.095401  -2.569057    12.085    11.910 13 54882.60595368 27.147
  24 303.096225  -2.568460    12.267    12.211 13 54892.52159733 28.083
  25 303.095587  -2.569181    12.700    12.918 14 54902.43723757 24.487
  26 303.095526  -2.568254    13.107    13.190 13 54912.35287639 29.602
  27 303.095555  -2.569779    13.004    12.874 13 54922.26851353 33.648
  28 303.098128  -2.570391    14.179    14.182 13 54932.18415031 38.522
  29 303.102104  -2.572213    13.744    13.580 12 54942.09978529 34.287
  30 303.105853  -2.574509    14.065    14.094 13 54952.01541848 39.258
  31 303.105560  -2.575333    14.882    14.848 12 54961.93106020 36.918
  32 303.103553  -2.573581    14.179    14.070 12 54971.84670895 37.184
  33 303.102661  -2.572024    14.064    14.172 12 54981.76235691 37.278
  34 303.102171  -2.572228    14.426    14.424 13 54991.67800424 35.836
  35 303.101220  -2.572500    14.110    14.193 13 55001.59365097 33.042
  36 303.100170  -2.572219    14.149    14.230 13 55011.50929582 33.870
  37 303.099563  -2.572068    14.110    14.117 13 55021.42493907 30.846
  38 303.099544  -2.571862    13.950    14.115 13 55031.34058115 34.212
  39 303.100568  -2.571356    13.503    13.766 12 55041.25622258 38.466
  40 303.102811  -2.573286    13.297    13.404 12 55051.17186213 30.620
  41 303.105521  -2.574047    12.769    12.920 12 55061.08749986 29.904
  42 303.105607  -2.573877    11.781    11.263 12 55071.00314169 34.871
  43 303.102544  -2.573095    11.819    11.679 12 55080.91879048 28.997
  44 303.099618  -2.571594    11.226    11.288 13 55090.83443805 25.925
  45 303.097858  -2.570202    10.266    10.198 12 55100.75008516 23.869
  46 303.097284  -2.570574     9.561     9.507 13 55110.66573160 26.293
  47 303.098272  -2.571024     8.857     8.501 13 55120.58137631 24.985
  48 303.099075  -2.571925     8.287     8.190 13 55130.49701812 24.890
  49 303.099330  -2.571474     9.677    10.111 13 55140.41265798 25.032
  50 303.099445  -2.571616     8.354     7.717 13 55150.32829652 25.528
  51 303.101265  -2.572025     8.185     7.370 12 55160.24393487 23.440
  52 303.103772  -2.573665     7.684     7.760 12 55170.15957264 26.484
  53 303.106610  -2.574036     8.426     7.644 12 55180.07520940 24.015
  54 303.104445  -2.573848     9.356     9.698 12 55189.99085675 25.165
  55 303.100883  -2.571737    10.099    10.606 13 55199.90650747 24.576
  56 303.098306  -2.570398    10.165     9.852 12 55209.82215765 21.417
  57 303.097397  -2.570431    10.426    10.330 13 55219.73780730 24.255
  58 303.097339  -2.569574    10.890    10.741 13 55229.65345630 23.361
  59 303.097275  -2.569951    10.929    10.531 13 55239.56910175 25.448
  60 303.096778  -2.569474    10.785    10.630 13 55249.48474353 25.326
  61 303.096020  -2.568466    11.255    11.067 13 55259.40038278 25.819
  62 303.095750  -2.570072    11.249    11.086 13 55269.31602041 28.032
  63 303.097554  -2.570465    11.242    11.049 13 55279.23165817 26.162
  64 303.100802  -2.571426    11.811    11.652 12 55289.14729466 30.608
  65 303.104530  -2.573593    12.299    12.316 13 55299.06292859 34.759
  66 303.104555  -2.573409    11.605    11.116 12 55308.97857211 33.366
  67 303.102342  -2.572796    12.266    11.992 13 55318.89421782 33.002
  68 303.100692  -2.571252    13.434    13.419 13 55328.80986301 32.882
  69 303.099931  -2.572067    13.579    13.554 13 55338.72550744 33.455
  70 303.100943  -2.572433    12.748    12.560 13 55348.64115172 34.116
  71 303.102168  -2.572294    13.042    13.116 13 55358.55679420 34.598
  72 303.102018  -2.572672    13.514    13.474 12 55368.47243412 36.420
  73 303.102301  -2.571981    12.256    12.287 13 55378.38807266 31.587
  74 303.103192  -2.572983    12.686    12.685 12 55388.30370992 28.464
  75 303.105729  -2.574162    12.357    12.257 12 55398.21934633 35.782
  76 303.107637  -2.573880    12.019    11.965 12 55408.13499075 32.232
  77 303.105553  -2.574501    11.891    11.727 12 55418.05064091 29.152
  78 303.102891  -2.573191    11.311    11.222 12 55427.96628812 26.455
  79 303.100457  -2.571208    10.307    10.051 12 55437.88193313 23.892
  80 303.098784  -2.570930     8.858     8.783 12 55447.79757687 30.921
  81 303.099148  -2.570453     8.868     8.664 13 55457.71322063 22.720
  82 303.100477  -2.571053     8.350     7.936 13 55467.62886358 23.940
  83 303.102446  -2.572110     8.234     7.969 13 55477.54450321 23.381
  84 303.104105  -2.573116     7.826     7.927 12 55487.46013956 25.476
  85 303.104938  -2.574310     7.821     7.729 12 55497.37577333 23.402
  86 303.105256  -2.574157     4.688     3.418 12 55507.29141034 29.017
  87 303.103317  -2.572743     6.631     6.250 13 55517.20706067 26.356
  88 303.102967  -2.572158     6.247     6.624 12 55527.12271008 26.056
  89 303.102154  -2.572765     7.194     7.182 13 55537.03835729 31.076
  90 303.100914  -2.572285     7.608     7.376 13 55546.95400268 29.573
  91 303.098974  -2.571623     7.611     7.445 13 55556.86964645 21.081
  92 303.098282  -2.570628     8.441     8.613 12 55566.78528976 19.239
  93 303.099587  -2.570855     8.708     8.291 12 55576.70093233 21.592
  94 303.101623  -2.571926     9.861    10.140 13 55586.61657287 24.094
  95 303.103741  -2.573483     9.864     9.868 13 55596.53221002 28.565
  96 303.104813  -2.574445    10.791    10.941 12 55606.44784395 26.157
  97 303.106080  -2.574493    10.576    10.570 12 55616.36347565 36.504
  98 303.105208  -2.574664    10.879    10.896 12 55626.27911779 31.614
  99 303.103755  -2.573436    11.743    11.801 13 55636.19476930 29.870
 100 303.103524  -2.572359    12.319    12.141 12 55646.11041882 29.127
 101 303.102888  -2.572623    12.590    12.586 13 55656.02606531 32.583
 102 303.102315  -2.572534    12.196    12.024 13 55665.94170758 31.750
 103 303.101552  -2.572724    12.520    12.505 12 55675.85734709 31.440
 104 303.102162  -2.571934    13.380    13.399 13 55685.77298540 34.191
 105 303.103778  -2.573361    13.053    13.058 12 55695.68862216 33.621
 106 303.107036  -2.574927    13.952    13.951 13 55705.60425777 36.000
 107 303.106681  -2.573968    13.608    13.474 12 55715.51990649 35.524
 108 303.104277  -2.572991    13.464    13.516 12 55725.43555515 30.811
 109 303.102082  -2.571742    13.213    13.426 12 55735.35120178 32.934
 110 303.100784  -2.571324    13.272    13.323 12 55745.26684691 31.361
 111 303.100711  -2.572338    12.701    12.985 13 55755.18249014 38.387
 112 303.102788  -2.572597    12.708    12.861 13 55765.09813137 34.616
 113 303.104638  -2.573309    12.578    12.551 13 55775.01376978 29.961
 114 303.105048  -2.574900    12.337    12.355 12 55784.92940502 30.357
 115 303.106466  -2.573903    11.726    11.772 12 55794.84503901 23.924
 116 303.106893  -2.574997    11.201    10.924 12 55804.76067745 26.245
 117 303.105537  -2.575331    10.327     9.894 12 55814.67632715 30.734
 118 303.105822  -2.574245     9.450     8.643 12 55824.59197497 23.962
 119 303.105686  -2.575290     8.543     8.247 12 55834.50761763 30.917
 120 303.106220  -2.574438     7.213     7.400 12 55844.42325673 26.808
 121 303.106902  -2.574952     7.574     7.589 12 55854.33889240 25.501
 122 303.107110  -2.575715     6.970     6.516 12 55864.25453051 29.039
 123 303.104589  -2.573649     8.816     8.309 13 55874.17018397 31.388
 133 303.100792  -2.571779    12.053    11.917 12 55973.32662211 28.120
 134 303.103189  -2.572139    12.298    12.355 12 55983.24225794 27.847
 135 303.107016  -2.574667    11.710    11.112 12 55993.15789145 38.648
 136 303.105948  -2.575389    13.436    13.441 12 56003.07354005 37.812
 137 303.104012  -2.573520    13.138    13.260 12 56012.98918923 35.561
 139 303.100291  -2.571364    13.518    13.607 13 56032.82047857 34.929
 141 303.102514  -2.573042    14.071    14.199 12 56052.65175873 37.454
 142 303.105449  -2.573989    14.067    14.152 12 56062.56739455 36.657
 143 303.106603  -2.574211    13.816    13.852 12 56072.48303506 34.494
 144 303.103582  -2.573237    13.873    13.611 12 56082.39868494 33.114
 145 303.101780  -2.572401    14.046    14.151 13 56092.31433218 35.889
 146 303.101410  -2.572741    13.714    13.838 13 56102.22997693 32.591
 147 303.102495  -2.572074    13.423    13.247 12 56112.14560765 33.083
 148 303.103935  -2.573446    13.965    13.948 12 56122.06124606 33.642
 149 303.106158  -2.574448    13.741    13.720 12 56131.97688099 32.200
 150 303.107027  -2.575336    13.294    13.345 12 56141.89251694 38.995
 151 303.104346  -2.572775    12.286    12.217 12 56151.80816830 26.477
 152 303.102676  -2.572648    11.514    11.873 12 56161.72381772 30.479
 153 303.102471  -2.573276    11.347    11.339 13 56171.63946532 28.495
 154 303.103373  -2.573277    10.530    10.429 12 56181.55510861 27.025
 155 303.103847  -2.572838    10.141    10.485 13 56191.47074799 29.442
 156 303.103601  -2.573804     9.606    10.404 12 56201.38638407 28.044
 157 303.105288  -2.574792     7.284     7.827 12 56211.30201796 30.595
 158 303.109142  -2.575405     9.332    10.114 12 56221.21765011 23.235
 159 303.107611  -2.575256     9.257     8.551 12 56231.13330218 25.228
 160 303.105518  -2.574558     7.954     7.743 12 56241.04895479 24.140
 161 303.103638  -2.572549     6.826     6.957 12 56250.96460385 25.611
 162 303.102192  -2.572780     6.189     5.545 12 56260.88024799 27.714
 163 303.102351  -2.572063     8.195     7.490 13 56270.79589038 21.184
 164 303.103044  -2.573172     8.704     8.662 12 56280.71153083 24.726
 165 303.101268  -2.571844     9.830    10.361 12 56290.62718398 21.908
 166 303.099634  -2.571947     9.689    10.443 13 56300.54283232 26.865
 167 303.098733  -2.571192     9.824     9.828 12 56310.45847660 24.186
 168 303.098476  -2.570587    10.455    10.180 12 56320.37411831 22.887
 169 303.099192  -2.570245    10.167    10.227 13 56330.28975901 39.266
 170 303.101086  -2.571562    11.239    11.211 13 56340.20539869 27.521
 171 303.103925  -2.574356    11.463    11.399 12 56350.12103595 32.048
 172 303.106466  -2.574990    11.541    11.780 12 56360.03667298 33.756
 173 303.103327  -2.572681    12.659    12.703 13 56369.95232304 31.106
 175 303.098021  -2.570995    12.562    12.463 13 56389.78361564 34.285
 176 303.099362  -2.571344    13.213    13.058 12 56399.69925926 34.608
 177 303.101935  -2.571901    13.215    13.393 13 56409.61490029 34.617
 178 303.104461  -2.573671    14.012    13.993 12 56419.53053632 37.775
 179 303.106070  -2.575103    13.987    13.808 12 56429.44617116 30.588
 180 303.101918  -2.572470    13.618    13.678 13 56439.36182438 31.715
 181 303.099158  -2.571900    13.950    13.913 13 56449.27747461 36.561
 182 303.099114  -2.571314    13.678    13.792 12 56459.19312286 34.564
 183 303.099589  -2.571553    13.504    13.656 13 56469.10876770 33.674
 184 303.100445  -2.571809    13.421    13.579 13 56479.02440872 34.749
 185 303.101487  -2.572271    13.129    13.158 13 56488.94004598 33.684
 187 303.106320  -2.573402    12.304    12.680 12 56508.77131537 33.877
 188 303.107888  -2.575978    11.720    11.494 12 56518.68695526 33.798
 189 303.106221  -2.574581    11.977    12.067 13 56528.60260975 24.999
 190 303.104750  -2.573802    12.101    12.010 13 56538.51825987 28.486
 191 303.102654  -2.572542    11.453    11.672 13 56548.43390573 28.923
 192 303.100421  -2.571621    10.969    10.971 13 56558.34954879 26.535
 193 303.100040  -2.571579    10.341    10.151 12 56568.26519074 25.877
 194 303.101954  -2.572422     9.747     9.462 12 56578.18083144 25.264
 195 303.105961  -2.574160     9.914    10.693 13 56588.09646854 29.227
 196 303.107575  -2.574380     9.052     8.451 12 56598.01211095 22.978
 197 303.104002  -2.573031     8.404     8.474 13 56607.92776241 30.417
 198 303.101225  -2.572030    10.382    10.730 13 56617.84340921 25.337
 199 303.100541  -2.571712    10.016    10.574 13 56627.75905293 26.810
 200 303.102197  -2.571928    10.235    10.516 12 56637.67469396 26.397
 201 303.103688  -2.573313     9.707     9.215 13 56647.59033697 32.043
 202 303.101432  -2.572073    10.548    10.845 12 56657.50598944 26.764
 203 303.099134  -2.571430     9.749     9.646 13 56667.42163725 26.633
 205 303.098793  -2.569941    11.198    11.071 13 56687.25292600 24.470
 206 303.100683  -2.571172    11.414    11.372 13 56697.16856728 25.527
 207 303.103770  -2.573515    11.783    11.558 12 56707.08420388 27.999
 208 303.105976  -2.575206    11.830    11.891 12 56716.99983875 31.162
 209 303.101676  -2.572860    11.481    11.116 13 56726.91549185 33.365
 211 303.096971  -2.570235    12.547    12.334 13 56746.74678712 32.888
 212 303.099089  -2.571571    13.036    12.988 13 56756.66242852 33.165
 213 303.103762  -2.572856    13.628    13.642 13 56766.57806430 33.285
 214 303.104767  -2.573228    13.738    13.546 12 56776.49370640 31.692
 215 303.100022  -2.571758    13.898    13.932 13 56786.40936242 35.016
 216 303.096340  -2.568503    14.211    14.238 13 56796.32501505 31.344
 217 303.094033  -2.569272    15.154    15.170 13 56806.24066218 51.130
 219 303.099111  -2.571195    13.964    14.157 12 56826.07194091 37.069
 220 303.102310  -2.572728    14.098    14.223 13 56835.98757508 33.122
 221 303.105446  -2.574130    13.923    14.011 12 56845.90320636 33.990
 222 303.103854  -2.573090    13.873    14.028 13 56855.81885450 34.374
 223 303.101536  -2.571856    13.761    13.780 12 56865.73450829 33.645
 224 303.100161  -2.570814    13.467    13.591 13 56875.65016113 30.315
 225 303.098863  -2.571103    12.939    12.971 13 56885.56581056 32.200
 226 303.098018  -2.570523    12.478    12.373 13 56895.48145720 26.430
 227 303.096762  -2.570249    11.852    11.896 13 56905.39710040 27.134
 228 303.096395  -2.568818    11.615    11.696 13 56915.31274157 24.206
 229 303.097418  -2.570477    10.941    10.747 13 56925.22838029 25.840
 230 303.101110  -2.571848    10.277    10.188 13 56935.14401641 30.067
 231 303.106607  -2.574149     9.563     9.165 12 56945.05964727 28.601
 232 303.105697  -2.573157    10.375    10.733 12 56954.97529764 25.031
 233 303.102526  -2.572479     8.471     8.467 12 56964.89094734 29.895
 234 303.100458  -2.571491     9.938    10.368 13 56974.80659289 25.421
 235 303.100608  -2.571828     9.395     8.805 12 56984.72223408 24.715
 236 303.103713  -2.573345    10.080    10.365 12 56994.63787013 27.851
 237 303.106079  -2.574317    10.069    10.488 13 57004.55351072 32.468
 238 303.102715  -2.572964     9.893     9.984 12 57014.46916687 27.061
 239 303.100299  -2.570781    10.127     9.980 13 57024.38481817 22.476
 240 303.098559  -2.571064     9.779     9.589 13 57034.30046636 27.149
 241 303.098735  -2.571871    10.495    10.352 13 57044.21611201 27.565
 242 303.100353  -2.572016    10.491    10.515 13 57054.13175518 37.460
 243 303.102379  -2.572712    11.138    11.214 13 57064.04739361 30.067
 244 303.104627  -2.572760    10.945    10.805 12 57073.96302745 27.566
 245 303.106998  -2.574812    12.153    12.000 13 57083.87865765 31.553
 246 303.104579  -2.573007    12.076    11.963 12 57093.79430908 27.991
 247 303.101100  -2.571448    12.705    12.636 13 57103.70996626 28.405
 248 303.099792  -2.571015    12.063    11.442 12 57113.62561932 30.335
 249 303.099952  -2.571445    12.701    12.806 13 57123.54126615 31.411
 250 303.100208  -2.571769    13.845    13.800 13 57133.45690735 37.018
