#    0.000   0.000   0.000 ;Mean Elev.(m), Avg Gradient(m/km), RMS Gradient(m/km) - SRTM1     
#    0.000   0.000   0.000 ;Mean Elev.(m), Avg Gradient(m/km), RMS Gradient(m/km) - ASTER GDEM
#    2.419   0.219   1.809 ;Mean Elev.(m), Avg Gradient(m/km), RMS Gradient(m/km) - GMTED2010 
   1 303.492362  -2.483828    12.483    12.489 14 54667.93733715 33.558
   2 303.491430  -2.484502    11.807    11.884 14 54677.85298121 29.360
   3 303.492018  -2.484354     7.979     7.970 15 54687.76862421 22.404
   4 303.493845  -2.482038    11.080    11.091 15 54697.68426525 29.799
   5 303.496291  -2.482948     9.960    10.262 13 54707.59990766 22.652
   6 303.493305  -2.482168     9.982     9.995 14 54717.51555939 23.951
   7 303.490947  -2.484780     9.247     8.968 15 54727.43120925 37.508
   8 303.488214  -2.486753     8.792     9.097 14 54737.34685714 27.823
   9 303.486710  -2.488850     8.647     8.928 13 54747.26250453 24.699
  10 303.485984  -2.488775     7.859     8.254 14 54757.17815101 30.032
  11 303.487202  -2.488706     8.316     8.753 14 54767.09379568 25.244
  12 303.488390  -2.486376     8.525     8.908 14 54777.00943669 26.373
  13 303.490028  -2.487150     8.738     8.744 14 54786.92507609 26.522
  14 303.490338  -2.485803     8.677     8.593 14 54796.84071416 22.800
  17 303.493486  -2.483245     9.164     9.099 15 54826.58763931 24.220
  18 303.490465  -2.484826     9.591     9.539 14 54836.50327924 26.311
  19 303.487384  -2.488048     9.856     9.865 14 54846.41892968 24.855
  20 303.485092  -2.488986    10.079    10.157 14 54856.33457883 26.720
  21 303.484584  -2.489896    10.389    10.365 13 54866.25022788 27.284
  22 303.484866  -2.489862    10.989    10.950 13 54876.16587607 28.203
  23 303.485635  -2.488742    11.383    11.414 14 54886.08152113 30.253
  24 303.485520  -2.488662    12.317    12.354 14 54895.99716281 41.128
  25 303.485160  -2.490247    12.196    12.176 13 54905.91280232 32.028
  26 303.485083  -2.489730    12.505    12.661 13 54915.82844051 31.574
  27 303.486313  -2.489140    12.778    12.924 13 54925.74407879 31.359
  28 303.488841  -2.487770    12.874    12.845 14 54935.65971645 30.819
  29 303.491772  -2.484564    13.591    13.613 14 54945.57535187 34.946
  30 303.495052  -2.481743    13.430    13.666 15 54955.49098481 32.817
  31 303.493153  -2.482585    13.617    13.814 15 54965.40663244 35.121
  32 303.491470  -2.485519    12.347    12.380 14 54975.32228068 28.735
  33 303.489737  -2.484624    13.666    13.819 14 54985.23792761 32.003
  34 303.489930  -2.484520     0.905     0.985 14 54995.15357477 22.412
  35 303.490600  -2.486232    13.807    13.778 14 55005.06922083 36.829
  36 303.489938  -2.487065    13.533    13.745 14 55014.98486441 31.533
  37 303.488613  -2.486932    13.317    13.483 14 55024.90050648 32.206
  38 303.488497  -2.488502    12.665    13.005 14 55034.81614871 29.740
  39 303.489529  -2.486903    12.570    12.879 14 55044.73178989 29.512
  40 303.492134  -2.483463    12.528    12.628 14 55054.64742931 29.136
  41 303.494872  -2.482113    12.092    12.117 14 55064.56306695 26.573
  42 303.492919  -2.483304    11.786    11.758 15 55074.47871421 29.291
  43 303.489535  -2.485923    10.920    10.894 14 55084.39436247 26.827
  44 303.487124  -2.487809    10.309    10.316 14 55094.31000887 25.753
  45 303.486773  -2.488860     9.834     9.944 13 55104.22565494 24.070
  46 303.486969  -2.487577     9.204     9.258 14 55114.14130027 25.703
  47 303.488437  -2.487497     8.403     8.720 14 55124.05694348 27.030
  48 303.489486  -2.486823     8.949     9.076 14 55133.97258378 24.034
  49 303.490015  -2.486767     8.784     8.870 14 55143.88822228 24.736
  50 303.490321  -2.486882     8.281     8.530 14 55153.80386055 23.884
  51 303.491154  -2.485581     7.884     8.209 14 55163.71949920 22.786
  52 303.492896  -2.483191     6.237     7.349 15 55173.63513757 24.229
  53 303.495180  -2.481596     7.733     7.882 15 55183.55077612 22.213
  54 303.492407  -2.483752     8.050     7.775 14 55193.46642816 22.016
  55 303.488693  -2.486083     8.655     8.615 14 55203.38207867 23.523
  56 303.486447  -2.488375     9.015     9.065 14 55213.29772839 25.320
  57 303.486227  -2.490079     9.096     9.022 14 55223.21337749 29.889
  58 303.486257  -2.488967     9.635     9.566 13 55233.12902444 26.249
  59 303.487004  -2.487216    10.000     9.979 14 55243.04466805 26.618
  60 303.487028  -2.488447    10.119    10.085 13 55252.96030897 23.395
  61 303.485856  -2.489471    10.191    10.091 13 55262.87594787 23.749
  62 303.485677  -2.489018    10.295    10.388 14 55272.79158583 27.608
  63 303.487414  -2.487170    10.720    10.687 14 55282.70722360 24.969
  64 303.490619  -2.485112    11.155    11.158 14 55292.62286029 27.807
  65 303.493455  -2.483084    11.198    11.365 15 55302.53849618 27.126
  66 303.492035  -2.484868    11.664    11.783 14 55312.45414449 27.885
  67 303.490076  -2.485320    12.553    12.537 14 55322.36978989 31.431
  68 303.489403  -2.487605    12.852    12.855 14 55332.28543420 37.637
  69 303.488996  -2.487695    12.378    12.621 14 55342.20107785 30.427
  70 303.489745  -2.487162    12.375    12.578 14 55352.11672113 29.215
  71 303.490804  -2.486150    12.330    12.526 14 55362.03236214 29.171
  72 303.491004  -2.484829    12.218    12.263 15 55371.94800102 34.028
  74 303.492349  -2.483904    11.703    11.794 14 55391.77927629 28.123
  75 303.494754  -2.482394    11.487    11.497 14 55401.69491246 25.708
  76 303.494258  -2.482830    11.392    11.326 14 55411.61056276 29.753
  77 303.492753  -2.483732    10.788    10.724 14 55421.52621272 24.520
  78 303.490720  -2.485143    10.312    10.398 14 55431.44185980 23.604
  79 303.488052  -2.486313     9.565     9.499 14 55441.35750432 24.889
  80 303.487406  -2.488480     9.118     9.127 14 55451.27314750 25.859
  81 303.488430  -2.488366     8.562     8.554 14 55461.18878952 24.743
  82 303.490312  -2.486377     8.229     8.838 14 55471.10442986 23.998
  83 303.492237  -2.484330     6.377     4.757 15 55481.02006725 26.236
  84 303.493373  -2.482210     6.449     7.397 14 55490.93570227 20.295
  85 303.494942  -2.481833     7.066     7.527 14 55500.85133598 20.356
  86 303.494135  -2.482751     6.493     7.608 15 55510.76697917 17.277
  87 303.492066  -2.483976     6.447     5.447 15 55520.68262944 18.742
  88 303.490882  -2.484942     6.652     5.961 14 55530.59827877 16.499
  89 303.490034  -2.485605     6.963     6.254 14 55540.51392643 15.585
  90 303.488837  -2.485273     7.382     7.082 14 55550.42957161 20.002
  91 303.487890  -2.486894     8.474     8.329 14 55560.34521537 22.922
  92 303.488192  -2.488087     8.162     8.369 14 55570.26085812 25.472
  93 303.489052  -2.486489     8.552     8.477 14 55580.17649911 23.160
  94 303.490964  -2.484774     8.947     8.871 14 55590.09213733 26.300
  95 303.493224  -2.482346     9.203     9.042 14 55600.00777225 29.088
  96 303.494990  -2.481326     9.415     9.453 14 55609.92340529 25.257
  97 303.498441  -2.486540    10.185    10.185  9 55619.83903861 27.702
  98 303.493383  -2.482314    10.695    10.776 14 55629.75468806 24.859
  99 303.492095  -2.483854    11.103    11.074 14 55639.67033976 35.077
 100 303.491764  -2.484505    11.095    11.230 14 55649.58598902 26.819
 101 303.490741  -2.484110    11.397    11.542 14 55659.50163464 28.623
 102 303.489712  -2.484659    11.891    11.999 14 55669.41727658 25.311
 103 303.489827  -2.485722    12.383    12.565 14 55679.33291627 30.441
 104 303.491554  -2.485520    12.751    12.773 14 55689.24855361 31.176
 105 303.493634  -2.483151    13.140    13.179 14 55699.16418888 41.780
 106 303.495596  -2.481538    12.653    12.766 14 55709.07982584 40.539
 107 303.493578  -2.482883    13.009    13.032 14 55718.99547598 37.863
 108 303.491539  -2.484654    12.790    12.975 14 55728.91112388 37.885
 109 303.490507  -2.486122    12.618    12.738 14 55738.82677061 29.931
 110 303.489736  -2.485753    12.524    12.484 14 55748.74241594 32.232
 111 303.490459  -2.486263    12.355    12.459 14 55758.65805948 29.636
 112 303.491209  -2.484567    11.973    12.173 15 55768.57369979 34.530
 113 303.492544  -2.484347    11.603    11.704 14 55778.48933735 27.097
 114 303.493628  -2.483000    10.881    11.114 15 55788.40497191 29.428
 115 303.495178  -2.481421    11.014    11.049 14 55798.32060488 37.961
 116 303.494704  -2.481919    10.233    10.421 15 55808.23624916 28.025
 117 303.494179  -2.482263     9.086     8.823 14 55818.15189760 33.966
 118 303.494778  -2.481688     8.270     8.474 15 55828.06754200 26.614
 119 303.495256  -2.481109     8.163     8.097 14 55837.98318207 23.915
 120 303.495372  -2.481480     8.270     8.146 15 55847.89881939 24.841
 121 303.497764  -2.485594     7.156     7.137 10 55857.81445582 21.465
 122 303.495046  -2.481848     8.489     8.517 15 55867.73010104 24.840
 123 303.493278  -2.482294     7.335     7.113 14 55877.64575343 22.726
 133 303.491181  -2.485900    11.360    11.349 14 55976.80218567 28.175
 134 303.493178  -2.483582    11.737    11.693 15 55986.71782218 27.633
 135 303.496002  -2.482263    12.198    12.225 13 55996.63346027 27.949
 136 303.493757  -2.482147    12.128    12.358 14 56006.54911220 30.741
 137 303.491617  -2.483932    12.522    12.675 14 56016.46476037 34.303
 139 303.488272  -2.487461    12.644    12.718 14 56036.29604830 33.496
 141 303.492146  -2.484297    14.003    14.048 14 56056.12732602 38.856
 142 303.495188  -2.480959    12.899    12.991 15 56066.04295897 35.296
 143 303.493794  -2.482145    13.329    13.532 14 56075.95860527 33.946
 144 303.491057  -2.485014    13.466    13.680 15 56085.87425446 34.001
 145 303.489458  -2.485142    12.357    12.293 14 56095.78990103 29.805
 146 303.489875  -2.484594    12.143    12.133 14 56105.70554574 30.603
 147 303.491449  -2.484610    12.835    13.001 15 56115.62117629 31.699
 148 303.493071  -2.483560    12.926    12.898 14 56125.53681444 33.412
 149 303.494466  -2.482366    11.135    11.332 14 56135.45244855 30.872
 150 303.493736  -2.483370    12.073    12.067 15 56145.36809056 29.946
 151 303.491654  -2.484599    11.177    11.327 14 56155.28374010 25.321
 152 303.490948  -2.484886    10.901    11.063 14 56165.19938838 24.580
 153 303.491559  -2.484837    10.376    10.379 14 56175.11503447 25.142
 154 303.492585  -2.483284     9.620     9.527 14 56185.03067519 25.169
 155 303.493432  -2.483433     8.551     8.780 14 56194.94631251 26.715
 156 303.493486  -2.482617     8.761     9.101 15 56204.86194693 25.282
 157 303.494757  -2.481589     6.451     5.715 15 56214.77758028 30.824
 158 303.500779  -2.491163     5.106     4.950  6 56224.69321990 26.293
 159 303.495449  -2.482082     7.261     7.540 15 56234.60887380 23.535
 160 303.493737  -2.482954     7.196     7.737 14 56244.52452613 21.222
 161 303.491804  -2.484356     5.643     4.593 14 56254.44017358 24.674
 162 303.490710  -2.485809     6.147     5.870 14 56264.35581671 23.620
 165 303.489991  -2.484542     8.157     8.186 14 56294.10275257 25.727
 166 303.489328  -2.484979     9.195     9.264 14 56304.01839925 24.382
 167 303.488798  -2.486885     9.504     9.625 14 56313.93404240 24.716
 168 303.488128  -2.487036     9.879     9.902 14 56323.84968345 25.707
 169 303.488486  -2.485491     9.982    10.045 14 56333.76532385 24.100
 170 303.491207  -2.486002    10.440    10.365 14 56343.68096438 25.324
 171 303.493328  -2.482420    10.842    10.753 14 56353.59660175 24.709
 172 303.493419  -2.482566    11.119    11.319 15 56363.51224540 27.291
 173 303.490704  -2.485163    11.512    11.592 14 56373.42789519 26.865
 175 303.486672  -2.487532    12.393    12.540 14 56393.25918559 32.288
 176 303.488150  -2.487031    12.591    12.793 14 56403.17482762 29.902
 177 303.490761  -2.485420    13.049    13.183 15 56413.09046655 37.718
 178 303.493934  -2.482077    12.788    12.718 14 56423.00610022 30.807
 179 303.493742  -2.482183    12.342    12.320 15 56432.92174268 35.027
 180 303.489947  -2.485327    12.648    12.615 14 56442.83739522 29.844
 181 303.487584  -2.487202    13.246    13.346 14 56452.75304525 32.798
 182 303.487527  -2.488075    13.087    13.220 13 56462.66869292 32.158
 184 303.489292  -2.485596    12.711    12.842 14 56482.49997754 32.619
 185 303.490113  -2.484466    12.114    12.095 14 56492.41561439 29.799
 187 303.495208  -2.481303    11.701    11.723 14 56512.24688090 26.457
 188 303.495821  -2.482004    11.820    11.747 14 56522.16252759 39.373
 189 303.493986  -2.481893    11.477    11.441 15 56532.07817938 28.727
 191 303.491342  -2.484885    10.364    10.420 14 56551.90947246 25.540
 192 303.490036  -2.485812    10.153    10.077 14 56561.82511513 25.146
 193 303.489915  -2.485805     9.615     9.623 14 56571.74075685 22.879
 194 303.491334  -2.484012     9.217     9.190 14 56581.65639683 23.167
 195 303.494842  -2.480904     8.775     8.821 15 56591.57203259 28.442
 196 303.494318  -2.482810     8.198     8.500 15 56601.48768252 24.376
 197 303.491548  -2.484364     5.661     5.455 15 56611.40333280 28.836
 198 303.489741  -2.484862     7.962     7.569 14 56621.31897814 28.702
 199 303.489383  -2.484870     8.506     8.658 14 56631.23462034 24.798
 200 303.491866  -2.484553     8.503     8.363 14 56641.15025861 28.294
 201 303.491994  -2.484122     9.106     9.029 14 56651.06590612 23.502
 202 303.490904  -2.486371     9.385     9.395 14 56660.98155659 22.952
 203 303.488598  -2.485617     9.544     9.514 14 56670.89720333 23.425
 205 303.488229  -2.485941    10.144    10.187 14 56690.72849251 22.322
 206 303.490822  -2.485764    10.760    10.615 14 56700.64413311 25.028
 207 303.493059  -2.482505    10.929    10.981 14 56710.55976829 24.908
 208 303.492412  -2.483595    11.028    11.151 15 56720.47541179 27.378
 209 303.488793  -2.486559     2.438     2.448 14 56730.39106446 22.230
 211 303.486684  -2.488216    12.597    12.734 14 56750.22235661 30.091
 212 303.489000  -2.485703    12.640    12.833 14 56760.13799502 32.069
 213 303.493486  -2.483801    12.960    13.036 14 56770.05362724 31.330
 214 303.491075  -2.483987    12.391    12.503 14 56779.96927811 30.180
 215 303.488057  -2.487979    12.723    12.618 14 56789.88493366 31.420
 216 303.484730  -2.489757    13.911    13.892 13 56799.80058569 36.902
 217 303.484037  -2.489991    13.320    13.433 14 56809.71623131 35.993
 219 303.488261  -2.487016    13.581    13.611 14 56829.54750839 31.181
 220 303.491408  -2.484731     2.162     2.218 14 56839.46314168 22.399
 221 303.493986  -2.482785    13.162    13.350 15 56849.37877442 39.368
 222 303.491016  -2.485099    12.626    12.670 15 56859.29442878 31.928
 223 303.489389  -2.486258    12.511    12.530 14 56869.21008192 34.702
 224 303.488398  -2.485984    13.026    13.021 14 56879.12573241 32.657
 225 303.487760  -2.486816    12.449    12.512 14 56889.04137973 30.691
 226 303.487120  -2.489355    12.139    12.096 14 56898.95702472 31.155
 227 303.485536  -2.489497    10.342    11.061 13 56908.87266698 28.244
 228 303.485786  -2.489236    11.020    10.997 14 56918.78830781 26.748
 229 303.488312  -2.488253    10.269    10.308 14 56928.70394688 23.703
 230 303.491666  -2.484626     9.628     9.557 14 56938.61958136 24.364
 231 303.494984  -2.482122     8.981     9.187 14 56948.53521575 22.884
 232 303.492156  -2.484732     8.319     8.456 14 56958.45086951 27.237
 233 303.489404  -2.485576     7.914     8.319 14 56968.36651748 26.722
 234 303.488771  -2.485397     7.901     8.038 14 56978.28216127 23.984
 235 303.490502  -2.484707     7.973     7.616 14 56988.19780052 24.652
 236 303.494462  -2.482416     7.688     7.284 14 56998.11343338 26.416
 237 303.493546  -2.482069     8.553     8.603 14 57008.02908183 24.689
 238 303.491370  -2.485102     6.990     6.966 14 57017.94473535 24.180
 239 303.489539  -2.487575     8.761     8.576 14 57027.86038578 24.050
 240 303.487898  -2.486789     9.215     9.193 14 57037.77603413 21.525
 241 303.488175  -2.486035     9.606     9.512 14 57047.69168031 22.811
 242 303.489769  -2.484651     9.881     9.855 14 57057.60732280 22.186
 243 303.492112  -2.484978    10.109    10.055 14 57067.52296011 24.014
 244 303.493213  -2.483249    10.228    10.077 15 57077.43859247 25.624
 245 303.494934  -2.482292    10.356    10.703 14 57087.35422466 26.867
 246 303.490892  -2.485077    11.711    11.658 14 57097.26988353 29.009
 247 303.489252  -2.487716    11.583    11.656 14 57107.18553948 26.335
 248 303.488916  -2.486443    11.915    12.032 14 57117.10118969 27.470
 249 303.489274  -2.486377    12.842    12.862 14 57127.01683401 32.723
 250 303.489224  -2.485472    13.139    13.130 14 57136.93247271 34.552
