#    0.000   0.000   0.000 ;Mean Elev.(m), Avg Gradient(m/km), RMS Gradient(m/km) - SRTM1     
#    0.000   0.000   0.000 ;Mean Elev.(m), Avg Gradient(m/km), RMS Gradient(m/km) - ASTER GDEM
#   31.549  -0.236   3.066 ;Mean Elev.(m), Avg Gradient(m/km), RMS Gradient(m/km) - GMTED2010 
   1 294.618804  -2.521953    38.391    38.406  6 54665.47676880 26.295
   2 294.617959  -2.520587    37.328    37.345  7 54675.39241339 48.236
   3 294.617873  -2.520147     9.390    13.899  6 54685.30805627 20.914
   4 294.619202  -2.522097    35.434    35.361  7 54695.22369723 36.276
   5 294.620373  -2.528179    13.876    14.336  8 54705.13933486 18.579
   6 294.620458  -2.523196    32.836    32.181  7 54715.05498743 37.159
   7 294.618557  -2.521173    13.911    13.911  7 54724.97063781 24.259
   8 294.616145  -2.516542    37.207    37.128  6 54734.88628697 22.997
   9 294.613557  -2.514167    33.918    34.130  7 54744.80193484 34.216
  10 294.612939  -2.512242    32.433    32.411  7 54754.71758245 48.585
  11 294.613046  -2.514265    33.264    32.964  6 54764.63322832 35.642
  12 294.614292  -2.514930    33.741    33.799  7 54774.54887171 49.900
  13 294.614887  -2.515756    35.414    35.008  7 54784.46451227 28.512
  14 294.615565  -2.516479    34.226    34.421  6 54794.38015078 36.603
  17 294.619077  -2.522299    36.506    36.583  7 54824.12706907 31.904
  18 294.617362  -2.518800    35.987    36.006  6 54834.04270952 34.758
  19 294.614732  -2.516117    36.602    36.196  6 54843.95835990 30.444
  20 294.613339  -2.512524    37.749    37.742  6 54853.87400987 30.819
  21 294.612150  -2.511770    38.897    38.900  7 54863.78965919 46.148
  22 294.612235  -2.509895    39.164    39.185  8 54873.70530867 30.288
  23 294.612092  -2.511354    39.551    39.603  7 54883.62095497 40.900
  24 294.612131  -2.511805    39.730    39.683  7 54893.53659791 39.085
  25 294.612301  -2.509830    40.379    40.367  7 54903.45223842 50.312
  26 294.612016  -2.510482    40.391    40.458  7 54913.36787672 30.730
  27 294.612213  -2.512557    40.969    40.992  7 54923.28351382 41.635
  28 294.614299  -2.514862    41.085    41.088  7 54933.19915023 40.454
  29 294.617299  -2.519290    41.285    41.230  6 54943.11478443 54.379
  30 294.620359  -2.523558    41.309    41.371  7 54953.03041682 44.870
  31 294.619674  -2.523550    41.465    41.466  6 54962.94606021 51.988
  32 294.618198  -2.519966    41.638    41.623  6 54972.86170931 55.955
  33 294.616970  -2.519458    41.791    41.773  6 54982.77735711 52.139
  34 294.617001  -2.519089    42.029    42.037  7 54992.69300473 50.875
  35 294.616774  -2.517939    42.059    42.022  7 55002.60865162 48.828
  36 294.615767  -2.517188    41.969    41.932  6 55012.52429628 52.034
  37 294.615320  -2.515761    41.678    41.690  6 55022.43993955 39.156
  38 294.614743  -2.516865    41.233    41.196  6 55032.35558124 40.068
  39 294.615938  -2.516951    40.731    40.700  7 55042.27122250 52.802
  40 294.618254  -2.519885    39.810    39.797  6 55052.18686172 43.784
  41 294.620125  -2.523109    38.509    38.547  6 55062.10249874 31.388
  42 294.619731  -2.521943    36.907    36.935  7 55072.01814210 33.361
  43 294.617108  -2.518990    35.865    35.820  7 55081.93379101 44.046
  44 294.614919  -2.515786    37.562    37.596  6 55091.84943876 28.580
  45 294.613620  -2.514277    32.709    32.236  6 55101.76508599 41.184
  46 294.613764  -2.513154    36.778    37.637  6 55111.68073292 22.922
  47 294.614495  -2.514301    32.854    32.588  6 55121.59637727 28.916
  48 294.614846  -2.516402    33.281    33.242  7 55131.51201846 39.426
  49 294.615360  -2.515342    32.994    32.909  6 55141.42765810 34.209
  50 294.614926  -2.516949    31.974    32.034  6 55151.34329613 43.761
  51 294.616712  -2.517290    31.504    31.548  6 55161.25893457 44.040
  52 294.618514  -2.521154    33.543    33.479  6 55171.17457191 48.967
  53 294.620583  -2.524463    35.505    35.459  7 55181.09020791 45.269
  54 294.619005  -2.520958    36.790    36.819  7 55191.00585745 49.952
  55 294.615967  -2.516920    37.276    37.235  7 55200.92150846 35.399
  56 294.613781  -2.514406    37.368    37.384  6 55210.83715884 37.595
  57 294.613502  -2.513010    37.148    37.112  6 55220.75280876 37.045
  58 294.613457  -2.512615    36.755    36.750  6 55230.66845746 39.014
  59 294.613345  -2.513930    37.386    37.368  6 55240.58410245 42.644
  60 294.612865  -2.512944    37.813    37.817  7 55250.49974410 35.683
  61 294.612479  -2.510427    37.858    37.882  7 55260.41538346 42.884
  62 294.612776  -2.510699    37.869    37.820  7 55270.33102115 49.242
  63 294.613980  -2.513709    37.938    37.890  6 55280.24665817 34.198
  64 294.616320  -2.517719    38.042    38.059  6 55290.16229385 34.493
  65 294.619412  -2.521498    38.682    38.720  7 55300.07792732 29.158
  66 294.618686  -2.521648    39.424    39.427  6 55309.99357222 48.872
  67 294.617167  -2.519362    39.633    39.577  6 55319.90921809 28.983
  68 294.615899  -2.516939    40.187    40.190  6 55329.82486323 50.263
  69 294.615258  -2.517194    40.332    40.378  6 55339.74050772 47.717
  70 294.615953  -2.518508    40.347    40.331  6 55349.65615182 41.598
  71 294.617209  -2.518833    40.252    40.276  7 55359.57179408 43.983
  72 294.616960  -2.519827    40.008    40.018  6 55369.48743369 53.421
  73 294.617256  -2.519177    39.181    39.205  6 55379.40307201 27.760
  74 294.618014  -2.520195    38.364    38.352  6 55389.31870911 54.448
  75 294.619941  -2.523373    37.120    37.131  6 55399.23434486 53.925
  76 294.620650  -2.525044    36.246    36.246  7 55409.14999041 45.447
  77 294.619867  -2.522376    34.478    34.415  6 55419.06564109 50.494
  78 294.617785  -2.519573    36.426    37.016  7 55428.98128849 30.123
  79 294.615759  -2.516022    31.146    30.358  6 55438.89693377 29.581
  80 294.614358  -2.515100    29.626    28.803  6 55448.81257750 41.737
  81 294.614772  -2.515247    28.859    28.880  7 55458.72822095 38.630
  82 294.615766  -2.517293    29.213    29.226  6 55468.64386331 28.853
  83 294.617326  -2.519288    28.101    28.128  7 55478.55950247 33.729
  84 294.618522  -2.521368    28.386    27.387  6 55488.47513845 29.646
  85 294.619627  -2.522337    28.884    28.909  6 55498.39077214 26.072
  86 294.619284  -2.522974    28.717    28.657  6 55508.30641053 32.250
  87 294.617871  -2.519931    31.397    30.816  6 55518.22206107 31.707
  88 294.617109  -2.519989    32.194    32.281  6 55528.13771012 48.303
  89 294.617018  -2.518666    32.533    32.530  6 55538.05335771 44.472
  90 294.616126  -2.517897    35.334    35.259  7 55547.96900308 21.998
  91 294.614954  -2.515471    32.967    32.682  7 55557.88464722 27.699
  92 294.614415  -2.514350    33.270    33.264  6 55567.80029047 37.454
  93 294.614951  -2.516326    33.476    33.454  6 55577.71593243 37.366
  94 294.616659  -2.518175    34.497    34.427  6 55587.63157237 45.733
  95 294.618598  -2.520693    35.657    36.010  7 55597.54720895 25.710
  96 294.619707  -2.522037    35.405    35.420  7 55607.46284267 30.609
  97 294.620349  -2.523980    36.298    36.305  6 55617.37847387 51.479
  98 294.619452  -2.522220    36.211    36.222  6 55627.29411855 33.385
  99 294.618148  -2.521116    36.717    36.790  6 55637.20976969 38.361
 100 294.618137  -2.519766    37.127    37.066  7 55647.12541896 33.217
 101 294.617650  -2.519336    37.785    37.796  6 55657.04106523 33.285
 102 294.616932  -2.519285    38.765    38.758  6 55666.95670729 43.476
 103 294.616660  -2.518682    39.263    39.304  6 55676.87234693 36.307
 104 294.617284  -2.519075    39.990    39.943  7 55686.78798479 50.819
 105 294.618878  -2.520854    40.311    40.303  6 55696.70362122 44.211
 106 294.621038  -2.525081    40.522    40.504  7 55706.61925592 32.790
 107 294.620029  -2.523571    40.890    40.894  6 55716.53490634 51.950
 108 294.618248  -2.521071    40.683    40.716  7 55726.45055515 32.718
 109 294.616700  -2.519077    40.772    40.789  7 55736.36620191 42.378
 110 294.615881  -2.517981    40.591    40.571  6 55746.28184715 34.691
 111 294.616090  -2.518330    39.965    39.986  6 55756.19749026 28.949
 112 294.617656  -2.519458    39.601    39.578  6 55766.11313089 56.057
 113 294.618930  -2.521463    38.971    38.973  6 55776.02876855 54.010
 114 294.619772  -2.522383    37.376    37.363  6 55785.94440378 41.432
 115 294.620493  -2.523925    35.456    35.451  7 55795.86003726 42.529
 116 294.620856  -2.523757    32.112    32.096  6 55805.77567785 43.792
 117 294.620044  -2.522931    35.496    36.047  6 55815.69132762 31.683
 118 294.620090  -2.522903    35.155    35.097  6 55825.60697454 26.878
 119 294.619949  -2.523824    31.189    30.755  7 55835.52261667 44.331
 120 294.620256  -2.523163    32.974    32.733  7 55845.43825547 37.945
 121 294.620926  -2.524228    33.382    33.329  6 55855.35389096 41.694
 122 294.620734  -2.525000    32.204    32.227  7 55865.26953118 39.483
 123 294.618826  -2.522374    31.131    31.185  7 55875.18518432 35.118
 133 294.616222  -2.517583    39.733    39.740  7 55974.34162150 37.040
 134 294.617983  -2.520276    39.894    39.903  6 55984.25725687 39.823
 135 294.621018  -2.525478    40.018    39.986  8 55994.17288950 38.567
 136 294.620303  -2.523197    40.302    40.311  7 56004.08854057 33.326
 137 294.618414  -2.520925    40.528    40.554  7 56014.00418928 32.252
 139 294.615538  -2.516282    41.180    41.161  7 56033.83547879 34.130
 141 294.617806  -2.520163    41.829    41.833  6 56053.66675822 33.984
 142 294.620275  -2.522624    42.179    42.153  7 56063.58239313 48.989
 143 294.620306  -2.523008    42.100    42.145  7 56073.49803524 33.364
 144 294.617887  -2.519868    41.941    42.044  7 56083.41368529 33.306
 145 294.616467  -2.518917    41.904    41.910  6 56093.32933235 37.715
 146 294.617059  -2.517811    41.530    41.494  6 56103.24497734 34.230
 147 294.617596  -2.519338    41.047    40.964  6 56113.16060733 47.546
 148 294.618586  -2.521720    40.001    40.014  6 56123.07624514 38.374
 149 294.620425  -2.523101    38.985    38.966  6 56132.99187950 46.365
 150 294.620386  -2.524743    37.550    37.554  7 56142.90751694 32.908
 151 294.618467  -2.520900    37.084    37.297  6 56152.82316846 27.397
 152 294.617640  -2.518926    35.738    35.543  6 56162.73881835 29.447
 153 294.617771  -2.518896    32.034    32.022  6 56172.65446596 42.948
 154 294.618149  -2.520792    33.757    35.003  7 56182.57010830 33.202
 155 294.618344  -2.521145    32.063    31.835  7 56192.48574702 42.950
 156 294.618614  -2.520426    31.205    30.760  6 56202.40138306 44.117
 159 294.623227  -2.519582    32.732    32.668  3 56232.14830391 43.432
 160 294.619952  -2.522537    31.860    31.836  7 56242.06395535 46.657
 161 294.618257  -2.519877    31.636    31.127  6 56251.97960402 33.025
 162 294.617287  -2.518316    33.501    32.438  6 56261.89524811 27.234
 163 294.617143  -2.518282    36.652    37.108  6 56271.81089013 23.404
 164 294.617478  -2.519953    33.559    33.570  6 56281.72653179 42.991
 165 294.616527  -2.517553    34.929    34.948  6 56291.64218496 28.004
 166 294.615093  -2.517187    36.934    36.942  6 56301.55783310 40.625
 167 294.614441  -2.515371    38.116    38.113  6 56311.47347721 48.198
 168 294.613842  -2.515672    38.507    38.496  6 56321.38911835 38.531
 169 294.614820  -2.515249    38.644    38.622  6 56331.30475887 33.064
 170 294.616724  -2.517007    38.774    38.778  5 56341.22039841 29.820
 172 294.620276  -2.523707    39.990    40.033  6 56361.05167346 49.090
 173 294.617746  -2.520021    40.383    40.384  6 56370.96732345 50.333
 174 294.615105  -2.516163    40.571    40.543  7 56380.88297104 31.373
 175 294.614129  -2.513940    40.794    40.787  6 56390.79861647 32.799
 176 294.614842  -2.516457    41.218    41.261  6 56400.71425942 41.702
 177 294.616977  -2.518734    41.420    41.427  7 56410.62989979 46.633
 178 294.619074  -2.522558    41.468    41.514  6 56420.54553487 33.615
 179 294.620110  -2.523249    41.595    41.572  6 56430.46117202 33.766
 184 294.615919  -2.517618    40.783    40.719  6 56480.03940854 53.758
 185 294.616635  -2.518796    40.130    40.115  7 56489.95504542 39.107
 187 294.620433  -2.523487    38.842    38.852  7 56509.78631350 32.112
 188 294.620553  -2.528037    37.758    37.779  8 56519.70195504 32.940
 189 294.620082  -2.523290    37.222    37.232  6 56529.61760998 46.721
 190 294.618707  -2.522245    36.626    36.599  6 56539.53325999 31.278
 191 294.617482  -2.519050    35.822    35.785  7 56549.44890597 43.638
 197 294.618147  -2.521310    34.420    34.318  6 56608.94276264 34.446
 198 294.616620  -2.517272    35.649    35.339  6 56618.85840978 31.676
 199 294.615782  -2.517229    35.904    35.957  7 56628.77405312 35.333
 200 294.617293  -2.518450    36.231    36.225  6 56638.68969340 30.402
 201 294.618029  -2.520605    36.475    36.483  7 56648.60533778 33.177
 202 294.616639  -2.517378    36.852    36.846  6 56658.52099035 48.700
 203 294.614805  -2.515578    36.575    36.529  6 56668.43663819 40.946
 209 294.616459  -2.518471    38.667    38.679  6 56727.93049291 34.412
 211 294.613379  -2.513521    39.907    39.920  6 56747.76178801 40.571
 212 294.614847  -2.516833    40.185    40.160  6 56757.67742831 42.891
 215 294.614986  -2.517113    41.280    41.269  6 56787.42436379 50.369
 216 294.612116  -2.512359    41.503    41.506  7 56797.34001655 40.030
 220 294.617442  -2.519731    41.732    41.730  6 56837.00257376 48.462
 223 294.616591  -2.517678    40.313    40.290  6 56866.74950965 43.936
 224 294.615408  -2.516473    39.490    39.451  7 56876.66516210 48.414
 227 294.612934  -2.512439    36.811    36.838  7 56906.41210129 41.406
 228 294.612523  -2.512397    35.703    35.697  6 56916.32774203 37.061
 231 294.621045  -2.523798    36.306    36.428  7 56946.07464499 31.761
 235 294.616300  -2.517415    36.072    36.074  6 56985.73723404 31.473
 236 294.618634  -2.521565    36.417    36.492  7 56995.65286880 29.569
 239 294.615287  -2.516393    37.495    37.487  6 57025.39981887 41.559
 243 294.617686  -2.519142    39.544    39.545  7 57065.06239278 40.937
 247 294.616053  -2.517707    40.760    40.753  7 57104.72496766 41.297
