#    0.000   0.000   0.000 ;Mean Elev.(m), Avg Gradient(m/km), RMS Gradient(m/km) - SRTM1     
#    0.000   0.000   0.000 ;Mean Elev.(m), Avg Gradient(m/km), RMS Gradient(m/km) - ASTER GDEM
#    7.048  -2.511   8.417 ;Mean Elev.(m), Avg Gradient(m/km), RMS Gradient(m/km) - GMTED2010 
   1 300.933957  -3.253285    18.672    18.565  9 54664.97063325 41.485
   2 300.932444  -3.253339    18.116    18.070  9 54674.88627742 34.615
   3 300.932527  -3.255581    17.415    17.375  9 54684.80192098 30.794
   4 300.933614  -3.254110    16.703    16.656  9 54694.71756267 32.198
   5 300.936404  -3.252721    16.076    16.069  9 54704.63320216 37.822
   6 300.935514  -3.253577    15.081    15.034  9 54714.54885373 29.081
   7 300.933232  -3.253943    13.420    13.390  9 54724.46450425 37.111
   8 300.929625  -3.255197    14.015    13.591  9 54734.38015252 26.685
   9 300.926072  -3.255065    11.189    11.158  8 54744.29579904 32.552
  10 300.925587  -3.256916     9.877     9.944  8 54754.21144564 33.938
  11 300.926203  -3.255282     9.324     9.296  8 54764.12709073 27.466
  12 300.928598  -3.256288    11.919    10.800  8 54774.04273383 24.107
  13 300.929537  -3.255100    14.240    15.290  9 54783.95837382 24.762
  14 300.930676  -3.255407    11.584    10.797  9 54793.87401241 27.503
  17 300.934820  -3.254661    12.403    12.292  9 54823.62093298 23.748
  18 300.932050  -3.255075    13.841    13.499  9 54833.53657358 32.706
  19 300.928676  -3.255683    14.573    14.564  9 54843.45222400 35.669
  20 300.925650  -3.255420    14.921    14.883  8 54853.36787302 34.664
  21 300.924566  -3.257230    16.376    16.386  9 54863.28352212 44.369
  22 300.923957  -3.257084    16.429    16.304  9 54873.19917046 37.395
  23 300.924822  -3.257431    16.966    16.993  8 54883.11481671 35.459
  24 300.925504  -3.256782    17.338    17.256  9 54893.03045930 35.594
  25 300.925733  -3.257727    17.745    17.822  8 54902.94609953 37.226
  26 300.924871  -3.256247    18.165    18.148  8 54912.86173805 36.853
  27 300.925293  -3.256653    18.726    18.651  8 54922.77737646 35.760
  28 300.927074  -3.255159    19.355    19.322  8 54932.69301400 39.078
  29 300.931110  -3.254465    19.266    19.145  9 54942.60865017 32.535
  30 300.935501  -3.254218    19.797    19.843  9 54952.52428456 34.870
  31 300.934756  -3.253115    20.234    20.187  9 54962.43992753 37.686
  32 300.932334  -3.254024    20.207    20.202  9 54972.35557606 36.052
  33 300.930982  -3.254329    20.225    20.214  9 54982.27122323 38.771
  34 300.931175  -3.255540    20.125    20.173  9 54992.18687025 34.839
  35 300.930717  -3.255805    20.463    20.457  9 55002.10251626 39.994
  36 300.929708  -3.255726    20.504    20.489  9 55012.01816031 38.292
  37 300.928945  -3.255337    20.131    20.173  9 55021.93380297 35.475
  38 300.928861  -3.255782    20.094    20.008  9 55031.84944517 41.177
  39 300.929701  -3.256071    19.667    19.703  9 55041.76508694 36.835
  40 300.932107  -3.254873    19.235    19.116  9 55051.68072726 35.872
  41 300.934224  -3.252701    18.519    18.619  9 55061.59636523 28.627
  42 300.934319  -3.253782    17.859    17.822  9 55071.51200844 31.067
  43 300.931163  -3.254237    16.856    16.942  9 55081.42765717 37.689
  44 300.928352  -3.255399    15.690    15.593  9 55091.34330418 39.825
  45 300.926399  -3.255302    14.120    14.104  8 55101.25895016 28.965
  46 300.926238  -3.255374    13.212    12.691  8 55111.17459579 23.531
  47 300.928134  -3.256413    10.482    10.480  8 55121.09023977 30.262
  48 300.929515  -3.255683     9.994     9.602  8 55131.00588059 28.483
  49 300.929870  -3.255248    13.523    14.695  9 55140.92151955 19.388
  50 300.929904  -3.255068    10.496    10.318  9 55150.83715809 26.154
  51 300.931312  -3.254804    12.100    11.256  9 55160.75279711 21.539
  52 300.934144  -3.255312    11.604    12.315  9 55170.66843618 16.519
  53 300.935802  -3.252305    11.542    10.465  9 55180.58407305 18.712
  54 300.933678  -3.253876    12.895    12.537  9 55190.49972198 22.403
  55 300.929729  -3.255416    12.649    12.134  8 55200.41537278 25.551
  56 300.926764  -3.255641    12.982    12.916  8 55210.33102246 41.413
  57 300.925933  -3.255362    15.311    15.759  8 55220.24667152 26.794
  58 300.926672  -3.257386    15.189    15.543  8 55230.16232001 24.944
  59 300.926450  -3.255162    15.087    14.223  8 55240.07796429 35.208
  60 300.926707  -3.256923    14.984    14.626  8 55249.99360577 30.596
  61 300.925648  -3.256967    15.028    14.757  8 55259.90924470 29.778
  62 300.925747  -3.256879    15.398    15.501  8 55269.82488317 34.963
  63 300.927085  -3.255987    15.396    15.334  9 55279.74052169 40.523
  64 300.929934  -3.254944    15.682    15.601  9 55289.65615914 32.273
  65 300.934144  -3.255183    16.287    16.231  9 55299.57179460 31.688
  66 300.933417  -3.254548    17.374    17.333  9 55309.48743945 38.991
  67 300.931235  -3.255201    17.672    17.707  8 55319.40308542 38.113
  68 300.929366  -3.255948    18.545    18.543  9 55329.31873005 39.270
  69 300.928953  -3.256139    18.436    18.548  8 55339.23437408 39.919
  70 300.929916  -3.255395    18.478    18.544  9 55349.15001760 40.152
  71 300.931368  -3.255443    18.811    18.795  9 55359.06565934 40.334
  72 300.931350  -3.254845    18.964    18.948  9 55368.98129865 45.041
  73 300.931331  -3.254572    18.277    18.317  9 55378.89693672 40.668
  74 300.931957  -3.253463    18.323    18.303  9 55388.81257417 51.120
  75 300.934733  -3.253398    17.869    17.867  9 55398.72821127 41.315
  76 300.936177  -3.253447    16.868    16.868  9 55408.64385707 41.481
  77 300.934275  -3.253223    16.373    16.371  9 55418.55950782 41.414
  78 300.931838  -3.255083    15.271    15.298  9 55428.47515554 45.892
  79 300.928841  -3.255505    13.729    13.563  9 55438.39080003 29.526
  80 300.927165  -3.255275    12.036    11.763  8 55448.30644290 33.957
  81 300.927870  -3.255599    10.591    10.060  8 55458.22208561 27.303
  82 300.929562  -3.254770     9.896     9.489  9 55468.13772738 26.189
  83 300.932480  -3.255193     8.892     9.419  9 55478.05336624 26.236
  84 300.934325  -3.253716     6.265     6.141  9 55487.96900162 22.318
  85 300.935721  -3.253424     6.079     5.617 10 55497.88463521 27.518
  86 300.935317  -3.252706    11.736    10.661  9 55507.80027306 16.309
  87 300.933413  -3.255315    11.945    11.903  9 55517.71592418 17.034
  88 300.932337  -3.255139    10.481    10.243  9 55527.63157403 20.040
  89 300.931148  -3.254185     8.877     8.874  9 55537.54722179 31.502
  90 300.930115  -3.255353    12.074    11.173  9 55547.46286772 22.110
  91 300.928067  -3.255681    10.225    10.135  9 55557.37851139 49.613
  92 300.927434  -3.256491    14.679    14.553  8 55567.29415419 21.283
  93 300.928950  -3.256312    11.292    11.279  8 55577.20979602 33.267
  94 300.931337  -3.255030    12.361    11.752  9 55587.12543559 23.806
  95 300.934170  -3.253895    12.602    12.658 10 55597.04107205 31.843
  96 300.935773  -3.253481    13.341    13.268 10 55606.95670570 36.422
  97 300.936776  -3.253036    14.402    14.352  9 55616.87233755 37.380
  98 300.935135  -3.252896    15.277    15.221  9 55626.78798143 37.961
  99 300.933182  -3.253594    15.764    15.788  9 55636.70363361 39.646
 100 300.932447  -3.253944    15.971    15.844  9 55646.61928384 34.864
 101 300.931925  -3.254680    16.515    16.675  9 55656.53493136 32.871
 102 300.931618  -3.256144    17.091    16.908  9 55666.45057452 32.244
 103 300.930690  -3.255510    17.980    17.989  8 55676.36621397 39.569
 104 300.931329  -3.255877    18.374    18.362  9 55686.28185162 36.511
 105 300.932840  -3.253894    18.638    18.622  9 55696.19748750 42.362
 106 300.936401  -3.252802    19.075    19.075 10 55706.11312239 41.362
 107 300.935553  -3.252792    19.429    19.367  9 55716.02877105 49.710
 108 300.933542  -3.254423    19.148    19.054  9 55725.94441944 37.002
 109 300.930906  -3.254290    19.162    19.168  9 55735.86006582 36.413
 110 300.929934  -3.256052    19.046    18.935  9 55745.77571166 37.586
 111 300.929779  -3.255347    18.866    18.913  8 55755.69135548 31.341
 112 300.932051  -3.255979    18.402    18.437  9 55765.60699742 33.540
 113 300.933908  -3.255243    17.864    17.792  9 55775.52263624 32.043
 114 300.934115  -3.252681    17.678    17.694  9 55785.43827142 45.922
 115 300.935738  -3.254022    16.522    16.420  9 55795.35390520 32.399
 116 300.936048  -3.253108    15.599    15.577 10 55805.26954376 43.856
 117 300.935189  -3.253256    13.604    13.228  9 55815.18519249 35.770
 118 300.935828  -3.253726    12.647    12.761  9 55825.10083884 27.801
 119 300.936680  -3.254026    13.266    13.295  9 55835.01648064 20.867
 120 300.937035  -3.253740    10.067     9.489  9 55844.93211878 25.094
 121 300.937475  -3.252641    13.024    13.618 10 55854.84775425 22.394
 122 300.937422  -3.252834    12.178    12.807 10 55864.76339404 22.628
 123 300.933911  -3.252748    11.653    12.023  9 55874.67904740 23.010
 133 300.931457  -3.255989    16.215    16.393  9 55973.83548441 33.529
 134 300.933131  -3.255015    16.990    16.912  9 55983.75112102 36.481
 135 300.936638  -3.252765    17.455    17.305  9 55993.66675550 34.759
 136 300.935760  -3.254190    17.995    17.910  9 56003.58240649 29.562
 137 300.932736  -3.253319    18.774    18.760  9 56013.49805563 35.257
 139 300.928932  -3.255877    19.885    19.907  9 56033.32934517 52.544
 141 300.932009  -3.255675    20.096    19.971  9 56053.16062439 37.317
 142 300.934465  -3.252635    20.392    20.237  9 56063.07625879 36.997
 143 300.935355  -3.252275    20.202    20.206  9 56072.99189961 36.475
 144 300.932819  -3.254530    20.364    20.376  9 56082.90754953 34.753
 145 300.930588  -3.254136    20.248    20.208  9 56092.82319669 34.923
 146 300.930374  -3.254502    20.055    19.970  9 56102.73884215 37.730
 147 300.931478  -3.255605    19.794    19.764  9 56112.65447363 38.670
 148 300.933002  -3.254799    19.356    19.350  9 56122.57011267 37.282
 149 300.935414  -3.254465    19.327    19.255  9 56132.48574805 50.177
 150 300.935918  -3.253134    18.660    18.565  9 56142.40138477 43.741
 151 300.933045  -3.254512    18.030    18.064  9 56152.31703526 40.111
 152 300.931783  -3.255285    16.831    16.948  9 56162.23268397 36.961
 153 300.931542  -3.253751    15.730    15.677  9 56172.14833027 43.366
 154 300.932841  -3.253407    14.094    14.040  9 56182.06397226 37.387
 155 300.933483  -3.252996    11.948    11.413  9 56191.97961045 30.963
 156 300.933923  -3.253428    11.361    10.972  9 56201.89524629 31.807
 157 300.935732  -3.253440    12.448    11.717  9 56211.81088053 25.583
 158 300.938917  -3.251859     8.617     8.596 10 56221.72651292 28.572
 159 300.937176  -3.253241     8.667     8.643  9 56231.64216712 31.915
 160 300.934747  -3.253486     9.627     9.107  9 56241.55782011 23.699
 161 300.932777  -3.255383     8.795     8.312  9 56251.47346928 29.682
 162 300.931705  -3.256139     7.977     7.969  9 56261.38911347 36.117
 163 300.931219  -3.254685     9.426     9.142  9 56271.30475484 26.751
 164 300.932262  -3.254147    13.198    13.536  9 56281.22039536 21.854
 165 300.931236  -3.256117    13.263    13.277  9 56291.13604773 22.698
 166 300.929910  -3.255717    14.416    14.566  8 56301.05169515 21.688
 167 300.929123  -3.255888    14.925    15.297  9 56310.96733859 24.577
 168 300.928758  -3.256054    14.966    14.617  9 56320.88298013 24.573
 169 300.929001  -3.255730    14.457    14.459  8 56330.79862124 30.236
 170 300.930750  -3.255263    15.467    15.019  8 56340.71426206 31.366
 171 300.933583  -3.253719    15.911    15.957  9 56350.62990059 35.077
 172 300.935738  -3.253575    17.050    17.101  9 56360.54553942 39.143
 173 300.931986  -3.254307    17.272    17.340  9 56370.46118958 38.441
 175 300.926970  -3.256932    18.111    18.046  8 56390.29248191 36.608
 176 300.928187  -3.255991    18.588    18.538  8 56400.20812471 38.010
 177 300.930982  -3.255445    19.184    19.093  9 56410.12376494 43.209
 178 300.934206  -3.254594    19.388    19.382  9 56420.03940040 35.049
 179 300.935478  -3.252815    19.650    19.589  9 56429.95503585 36.527
 180 300.931408  -3.255716    19.642    19.670  9 56439.87068904 35.211
 181 300.928447  -3.256090    19.953    20.023  8 56449.78633955 34.650
 182 300.927875  -3.255557    19.950    19.865  9 56459.70198808 40.787
 183 300.928528  -3.255969    19.843    19.857  8 56469.61763367 38.687
 184 300.929240  -3.255430    19.629    19.590  9 56479.53327519 38.496
 185 300.930539  -3.255932    19.625    19.585  9 56489.44891295 46.141
 187 300.935166  -3.253185    18.104    17.995  9 56509.28018081 40.321
 188 300.937237  -3.252300    17.546    17.455  9 56519.19582118 37.632
 189 300.936066  -3.254177    16.824    16.681  9 56529.11147466 33.557
 190 300.934257  -3.252998    16.343    16.184  9 56539.02712336 33.714
 191 300.932949  -3.255440    15.778    15.852  9 56548.94276873 31.696
 192 300.930686  -3.256041    15.268    14.775  9 56558.85841147 29.836
 193 300.929994  -3.255968    14.620    14.850  9 56568.77405364 30.756
 194 300.931398  -3.254722    13.764    12.822  9 56578.68969471 26.599
 195 300.935378  -3.253406    12.386    12.085 10 56588.60533238 25.274
 196 300.936760  -3.253761    11.180    11.185  9 56598.52097640 29.580
 197 300.933062  -3.254586    14.301    14.521  9 56608.43662782 20.348
 198 300.930455  -3.255640    13.573    12.963  9 56618.35227423 24.399
 199 300.929898  -3.255865    13.003    12.277  8 56628.26791719 24.753
 200 300.931827  -3.255170    13.263    12.931  9 56638.18355706 28.369
 201 300.933997  -3.255027    13.702    13.067  9 56648.09920030 27.563
 202 300.931718  -3.254832    13.425    13.417  8 56658.01485159 30.015
 203 300.929660  -3.255638    16.201    16.411  8 56667.93049902 23.423
 205 300.928585  -3.256534    14.912    14.467  8 56687.76178859 30.956
 206 300.929866  -3.254491    15.598    15.230  9 56697.67743042 34.160
 207 300.933371  -3.254248    15.801    15.811  9 56707.59306824 34.202
 208 300.935118  -3.253280    16.542    16.489  9 56717.50870517 41.122
 209 300.930683  -3.255404    16.924    16.944  8 56727.42435856 31.720
 211 300.925823  -3.257054    18.025    18.071  8 56747.25565266 34.537
 212 300.928363  -3.256438    18.824    18.813  8 56757.17129332 37.703
 213 300.932952  -3.254166    18.960    18.909  9 56767.08692788 37.081
 214 300.933547  -3.253214    19.377    19.237  9 56777.00257067 38.342
 215 300.929433  -3.255802    19.733    19.782  8 56786.91822673 36.269
 216 300.924952  -3.257004    20.084    20.060  9 56796.83387915 41.730
 217 300.923210  -3.258197    20.390    20.426  8 56806.74952701 37.791
 219 300.927613  -3.255203    20.280    20.284  8 56826.58080664 40.648
 220 300.931343  -3.255125    20.191    20.358  9 56836.49644173 37.472
 221 300.934529  -3.253969    20.201    20.236  9 56846.41207323 37.327
 222 300.932423  -3.254648    20.126    20.102  8 56856.32772208 35.195
 223 300.930041  -3.255149    19.746    19.796  8 56866.24337490 39.556
 224 300.928851  -3.255687    19.383    19.368  9 56876.15902653 40.619
 225 300.927885  -3.255315    19.127    19.136  8 56886.07467487 39.925
 226 300.927006  -3.255060    18.083    18.046  8 56895.99032045 37.706
 227 300.925908  -3.255491    17.392    17.377  8 56905.90596328 36.348
 228 300.925431  -3.256734    16.704    16.376  8 56915.82160451 32.756
 229 300.926438  -3.255594    15.487    15.138  8 56925.73724376 29.280
 230 300.930018  -3.254615    13.934    13.939  9 56935.65288032 34.829
 231 300.935963  -3.253958    13.073    12.897  9 56945.56851195 32.527
 232 300.934373  -3.254462    12.214    12.190  9 56955.48416375 32.138
 233 300.931422  -3.255330    12.667    12.441  9 56965.39981335 27.842
 234 300.929414  -3.255635    14.861    15.199  9 56975.31545819 24.124
 235 300.929665  -3.254783    14.164    13.374  9 56985.23109838 27.144
 236 300.933374  -3.253715    12.440    12.242  9 56995.14673333 28.635
 237 300.936001  -3.253407    13.235    12.750  9 57005.06237441 23.995
 238 300.933230  -3.254914    12.859    12.556  9 57014.97802960 32.421
 239 300.930008  -3.254565    14.556    14.909  9 57024.89368013 29.442
 240 300.928371  -3.255495    14.174    13.692  9 57034.80932911 18.896
 241 300.928552  -3.255860    15.361    15.991  9 57044.72497581 31.512
 242 300.929853  -3.255594    15.064    14.720  8 57054.64061968 35.639
 243 300.931689  -3.254920    15.363    15.337  8 57064.55625867 31.863
 244 300.933837  -3.255237    15.709    15.795  9 57074.47189302 34.458
 245 300.936248  -3.253524    16.168    16.153  9 57084.38752338 36.966
 246 300.933017  -3.254341    16.727    16.868  9 57094.30317574 33.206
 247 300.929666  -3.255778    17.536    17.512  8 57104.21883221 32.003
 248 300.928477  -3.255616    17.871    17.902  8 57114.13448419 34.379
 249 300.929232  -3.256025    18.408    18.467  9 57124.05013029 42.680
 250 300.929500  -3.254991    18.918    18.951  9 57133.96577071 37.398
