#    0.000   0.000   0.000 ;Mean Elev.(m), Avg Gradient(m/km), RMS Gradient(m/km) - SRTM1     
#    0.000   0.000   0.000 ;Mean Elev.(m), Avg Gradient(m/km), RMS Gradient(m/km) - ASTER GDEM
#   21.812  -1.914   6.424 ;Mean Elev.(m), Avg Gradient(m/km), RMS Gradient(m/km) - GMTED2010 
   1 296.904577  -4.051954    29.273    29.293  4 54668.44329308 37.673
   2 296.903473  -4.052023    28.914    28.870  3 54678.35893688 50.709
   3 296.904183  -4.053377    -7.170    -6.199  4 54688.27457926 25.002
   4 296.907064  -4.054307    26.921    26.888  4 54698.19021993 48.431
   6 296.906527  -4.053097    23.302    23.313  4 54718.02151378 45.582
   7 296.903009  -4.052484    13.863    13.972  4 54727.93716275 24.500
   8 296.899898  -4.051114    22.806    22.811  3 54737.85281071 25.298
   9 296.897753  -4.051052    22.521    22.369  4 54747.76845845 29.089
  10 296.897405  -4.049958    21.563    21.546  3 54757.68410623 42.915
  11 296.898106  -4.050467    21.807    21.839  4 54767.59975171 40.829
  12 296.899605  -4.050358    24.111    22.293  4 54777.51539401 26.036
  13 296.900598  -4.050229    22.992    23.006  4 54787.43103368 40.535
  14 296.900793  -4.051830    23.924    24.018  4 54797.34667155 48.580
  17 296.905461  -4.053369    25.646    25.646  4 54827.09359576 50.066
  18 296.902371  -4.052512    25.326    25.341  4 54837.00923479 27.774
  19 296.898660  -4.051235    25.473    25.376  4 54846.92488435 31.005
  20 296.896571  -4.049595    26.728    26.713  4 54856.84053379 34.214
  21 296.895915  -4.049110    27.705    27.725  4 54866.75618323 30.944
  22 296.896299  -4.048628    28.701    28.363  4 54876.67183219 28.117
  23 296.896927  -4.049562    28.610    28.689  3 54886.58747780 29.243
  24 296.896151  -4.050101    29.178    29.222  4 54896.50311974 31.247
  25 296.895331  -4.048836    29.870    29.839  4 54906.41875908 39.110
  26 296.895277  -4.049676    30.089    30.118  4 54916.33439653 36.147
  27 296.897551  -4.049015    30.666    30.708  4 54926.25003419 44.033
  28 296.900510  -4.050914    30.980    30.953  4 54936.16567074 46.910
  29 296.904179  -4.053002    31.298    31.245  3 54946.08130544 43.726
  30 296.908312  -4.053706    31.513    31.534  4 54955.99693794 41.747
  31 296.906232  -4.052582    31.463    31.465  4 54965.91258601 37.173
  32 296.903324  -4.053134    31.691    31.690  4 54975.82823350 38.487
  33 296.902461  -4.051451    31.790    31.796  4 54985.74388164 36.930
  34 296.902492  -4.051701    32.027    32.037  3 54995.65952950 36.325
  35 296.902324  -4.052011    32.109    32.124  3 55005.57517575 36.959
  36 296.901464  -4.051586    31.930    31.840  4 55015.49081966 36.343
  37 296.900416  -4.050814    32.176    32.213  4 55025.40646205 51.170
  38 296.899731  -4.051293    31.971    31.906  4 55035.32210351 52.497
  39 296.901456  -4.051771    31.501    31.476  4 55045.23774439 52.077
  40 296.904977  -4.053261    30.898    30.860  4 55055.15338346 49.077
  41 296.907609  -4.054990    29.964    30.013  4 55065.06902024 34.399
  42 296.905618  -4.053157    28.684    28.727  3 55074.98466794 30.103
  43 296.901485  -4.052132    28.147    28.170  4 55084.90031577 29.616
  44 296.899092  -4.049775    27.241    26.917  4 55094.81596277 27.103
  45 296.898301  -4.049572    23.198    23.197  4 55104.73160942 42.234
  46 296.898187  -4.051135    21.811    21.718  4 55114.64725557 40.968
  47 296.899148  -4.051376    27.013    28.051  4 55124.56289964 22.800
  48 296.899823  -4.051807    21.899    21.896  4 55134.47854076 39.930
  49 296.900328  -4.051515    21.466    21.489  4 55144.39417962 41.500
  50 296.901026  -4.051153    22.816    20.900  4 55154.30981758 27.990
  51 296.902279  -4.052272    19.882    19.937  4 55164.22545555 47.298
  52 296.905128  -4.052533    21.491    21.460  4 55174.14109360 46.115
  53 296.907366  -4.054261    23.484    23.485  4 55184.05673223 41.701
  54 296.904787  -4.052414    26.747    25.720  4 55193.97238367 25.162
  55 296.901147  -4.050409    26.534    25.588  4 55203.88803396 30.129
  56 296.898112  -4.050484    28.379    28.104  4 55213.80368342 28.452
  57 296.897188  -4.050009    26.973    26.118  4 55223.71933274 25.372
  58 296.897291  -4.049803    26.805    25.802  4 55233.63498051 26.215
  59 296.898465  -4.049118    28.206    28.208  4 55243.55062509 29.252
  60 296.897213  -4.050712    28.903    28.947  4 55253.46626559 28.511
  61 296.896199  -4.049571    26.817    26.831  3 55263.38190426 32.599
  62 296.896614  -4.049590    27.017    27.033  3 55273.29754160 44.006
  63 296.899424  -4.049881    27.964    27.317  4 55283.21317868 33.860
  64 296.902972  -4.052091    27.907    27.896  4 55293.12881412 45.149
  66 296.904196  -4.052609    29.195    29.220  4 55312.96009718 33.692
  67 296.902723  -4.051341    29.622    29.640  4 55322.87574262 33.143
  68 296.901355  -4.051662    29.970    29.936  3 55332.79138671 40.024
  69 296.901064  -4.051349    30.153    30.077  4 55342.70703097 33.876
  70 296.901548  -4.051692    30.257    30.267  4 55352.62267486 32.833
  71 296.902465  -4.052068    30.359    30.342  3 55362.53831649 42.117
  72 296.902995  -4.052387    30.049    30.013  3 55372.45395593 31.588
  74 296.905410  -4.052307    28.968    28.874  4 55392.28523104 31.198
  75 296.908159  -4.053596    28.490    28.506  4 55402.20086653 51.281
  76 296.906935  -4.053891    27.420    27.381  3 55412.11651675 37.736
  77 296.905147  -4.053219    25.824    25.828  4 55422.03216583 47.407
  78 296.903013  -4.052142    24.290    24.149  3 55431.94781243 28.211
  79 296.900685  -4.050355    27.589    27.115  4 55441.86345741 22.582
  80 296.899243  -4.050440    19.629    19.661  3 55451.77910083 29.717
  81 296.900080  -4.050545    18.634    18.515  4 55461.69474379 37.852
  82 296.901528  -4.052521    18.980    18.931  4 55471.61038493 33.850
  83 296.903530  -4.052688    17.354    17.322  3 55481.52602352 42.326
  84 296.904813  -4.053017    16.651    16.448  3 55491.44165951 43.526
  85 296.906473  -4.053305    17.686    17.576  4 55501.35729339 40.507
  86 296.905533  -4.053515    17.294    17.225  4 55511.27293685 37.658
  87 296.904177  -4.052006    19.028    18.889  4 55521.18858651 49.184
  88 296.902880  -4.052096    20.612    20.565  4 55531.10423469 44.890
  89 296.902022  -4.051437    20.947    20.989  3 55541.01988163 39.240
  90 296.900937  -4.051429    25.613    24.318  4 55550.93552649 19.535
  91 296.899760  -4.050858    21.238    21.230  3 55560.85117015 29.197
  92 296.899679  -4.051328    21.925    21.927  4 55570.76681304 32.355
  93 296.901262  -4.050439    24.118    22.180  4 55580.68245531 36.109
  94 296.902967  -4.051127    29.728    29.436  4 55590.59809427 20.719
  95 296.904819  -4.052661    23.327    23.256  4 55600.51372972 34.402
  96 296.906042  -4.054432    24.692    24.707  4 55610.42936254 47.201
  97 296.908034  -4.054491    25.199    25.214  3 55620.34499421 32.413
  98 296.905068  -4.053823    26.112    26.100  4 55630.26064518 46.910
  99 296.904288  -4.052526    24.325    23.981  3 55640.17629576 28.860
 100 296.903958  -4.052579    26.688    26.665  4 55650.09194362 49.118
 101 296.903085  -4.052564    27.418    27.449  4 55660.00758812 50.314
 102 296.902447  -4.050840    28.221    28.232  4 55669.92322966 40.097
 103 296.901772  -4.052408    28.641    28.699  4 55679.83886880 32.901
 104 296.904010  -4.052072    29.541    29.536  4 55689.75450684 32.100
 105 296.906652  -4.053342    29.655    29.636  4 55699.67014300 33.913
 106 296.908119  -4.054791    30.225    30.227  4 55709.58578151 37.527
 107 296.905493  -4.053936    30.660    30.670  4 55719.50143177 36.286
 108 296.903202  -4.052392    31.017    31.007  4 55729.41707969 48.438
 109 296.902028  -4.052042    31.070    31.070  4 55739.33272587 38.206
 110 296.901761  -4.052303    30.784    30.794  4 55749.24837068 38.032
 111 296.902815  -4.052032    30.746    30.697  3 55759.16401337 33.935
 112 296.904148  -4.052105    30.311    30.304  4 55769.07965327 34.079
 113 296.904813  -4.053497    29.578    29.653  4 55778.99528981 34.452
 114 296.905942  -4.054233    28.644    28.642  4 55788.91092424 40.427
 115 296.907816  -4.055069    27.461    27.440  4 55798.82655780 34.137
 116 296.907522  -4.053227    26.014    26.155  4 55808.74220426 30.882
 117 296.906904  -4.052804    20.963    20.967  4 55818.65785373 41.907
 118 296.906907  -4.053977    19.297    19.342  3 55828.57349874 39.130
 119 296.907023  -4.054108    19.760    19.720  4 55838.48913945 45.822
 120 296.906696  -4.053905    21.212    21.212  4 55848.40477692 38.142
 121 296.907627  -4.054246    21.977    21.884  3 55858.32041201 45.494
 122 296.906642  -4.053841    20.905    20.867  4 55868.23605880 35.514
 123 296.905532  -4.053777    20.380    20.421  4 55878.15171025 51.112
 133 296.902350  -4.051026    28.840    28.834  4 55977.30814224 33.144
 134 296.905271  -4.052681    29.548    29.550  3 55987.22377789 35.369
 135 296.908386  -4.053481    29.461    29.486  4 55997.13941609 31.593
 136 296.906589  -4.053092    30.256    30.280  4 56007.05506701 47.234
 137 296.904444  -4.051731    30.316    30.305  4 56016.97071410 33.525
 139 296.899944  -4.051899    31.303    31.312  4 56036.80200088 39.149
 141 296.904751  -4.052714    31.868    31.816  3 56056.63328017 36.671
 142 296.908593  -4.053897    32.074    32.036  4 56066.54891402 35.442
 143 296.906350  -4.053478    32.218    32.282  3 56076.46456145 36.807
 144 296.903093  -4.051997    32.131    32.071  3 56086.38021013 36.943
 145 296.901788  -4.051428    32.357    32.356  4 56096.29585619 40.395
 146 296.902674  -4.051376    32.167    32.217  4 56106.21150019 50.143
 147 296.903949  -4.053009    31.844    31.844  4 56116.12712946 51.658
 148 296.905849  -4.053930    31.289    31.282  4 56126.04276687 45.119
 149 296.907425  -4.054546    30.417    30.390  4 56135.95840059 34.630
 150 296.906327  -4.053323    29.390    29.399  3 56145.87404367 32.667
 151 296.903837  -4.052992    28.263    28.307  4 56155.78969352 33.149
 152 296.903051  -4.052597    28.006    27.644  4 56165.70534266 28.060
 153 296.903543  -4.052216    23.616    23.615  4 56175.62098965 36.779
 154 296.904603  -4.052526    29.477    29.549  3 56185.53663144 20.367
 155 296.905138  -4.052328    21.541    21.511  4 56195.45226932 46.375
 156 296.905434  -4.052640    20.331    20.253  4 56205.36790390 39.010
 157 296.906905  -4.054037    20.670    20.661  4 56215.28353665 40.283
 158 296.909442  -4.054138    21.028    20.947  4 56225.19917471 49.447
 159 296.907580  -4.054653    21.537    21.379  4 56235.11482977 49.732
 160 296.906183  -4.053506    20.986    20.857  4 56245.03048145 46.259
 161 296.904464  -4.052003    19.910    19.907  4 56254.94612837 39.338
 162 296.902793  -4.052196    21.032    20.937  4 56264.86177114 45.730
 165 296.901546  -4.051742    29.166    29.169  3 56294.60870975 20.193
 166 296.900657  -4.050814    25.262    25.280  3 56304.52435702 33.371
 167 296.899515  -4.050197    27.374    26.612  4 56314.44000014 27.309
 168 296.898711  -4.051090    27.222    27.233  4 56324.35564063 39.581
 169 296.899969  -4.051663    27.553    27.468  4 56334.27128041 29.326
 170 296.902939  -4.051769    28.233    28.264  4 56344.18691965 49.759
 171 296.906067  -4.053152    28.702    28.704  4 56354.10255635 48.725
 172 296.905479  -4.054252    29.137    29.147  4 56364.01819965 48.488
 173 296.903096  -4.051441    29.589    29.589  4 56373.93384890 30.105
 175 296.899088  -4.050530    30.524    30.593  4 56393.76513927 35.643
 176 296.900141  -4.051827    30.748    30.743  4 56403.68078154 35.525
 177 296.902962  -4.052098    31.280    31.261  4 56413.59642121 36.266
 178 296.906247  -4.054552    31.560    31.570  4 56423.51205534 35.656
 179 296.905764  -4.054021    31.764    31.725  4 56433.42769927 35.785
 180 296.902259  -4.050795    32.310    32.303  4 56443.34335145 50.480
 181 296.899452  -4.051159    32.240    32.196  4 56453.25900029 51.060
 182 296.899617  -4.050007    32.098    32.085  4 56463.17464706 50.813
 184 296.901776  -4.051801    31.513    31.530  4 56483.00593000 41.819
 185 296.902760  -4.052750    30.899    30.933  4 56492.92156661 37.433
 187 296.908504  -4.054327    30.016    29.969  4 56512.75283466 34.655
 188 296.907776  -4.055569    29.211    29.110  4 56522.66848290 33.832
 189 296.906312  -4.053282    28.919    29.125  3 56532.58413594 27.789
 191 296.902237  -4.052110    26.790    26.805  3 56552.41542949 37.586
 192 296.901448  -4.051057    25.322    25.287  4 56562.33107214 51.890
 193 296.901879  -4.051355    26.896    27.230  3 56572.24671332 23.424
 194 296.903796  -4.053002    22.617    22.631  4 56582.16235254 37.880
 195 296.908030  -4.054275    25.215    25.384  4 56592.07798775 26.533
 196 296.906735  -4.052864    23.466    23.442  4 56601.99363807 47.620
 197 296.903680  -4.052273    26.538    26.946  3 56611.90928777 23.138
 198 296.902003  -4.052032    24.115    24.121  4 56621.82493331 27.524
 199 296.901767  -4.051800    26.885    26.505  4 56631.74057614 21.670
 200 296.903672  -4.052914    25.302    25.288  4 56641.65621478 33.846
 201 296.903430  -4.051514    28.210    28.081  4 56651.57186430 19.927
 202 296.900872  -4.051968    25.938    25.955  4 56661.48751446 22.894
 203 296.899295  -4.050762    26.272    26.256  4 56671.40316161 29.886
 205 296.900142  -4.050430    27.440    27.380  4 56691.23444939 50.856
 206 296.902867  -4.051789    27.733    27.792  3 56701.15008845 51.148
 207 296.906101  -4.052692    27.229    27.221  4 56711.06572286 27.143
 208 296.904459  -4.053100    28.055    28.058  3 56720.98136633 38.770
 209 296.900555  -4.051249    28.551    28.588  4 56730.89701826 32.454
 211 296.898823  -4.050740    29.412    29.535  4 56750.72831065 32.042
 212 296.901710  -4.051825    29.614    29.579  4 56760.64394975 30.822
 213 296.905967  -4.053380    30.092    30.188  3 56770.55958221 31.023
 214 296.902991  -4.051928    30.476    30.403  4 56780.47523509 32.045
 215 296.899053  -4.050257    30.945    30.879  3 56790.39088978 33.747
 216 296.895739  -4.049578    31.296    31.296  4 56800.30654094 37.477
 217 296.895843  -4.049202    31.730    31.776  4 56810.22218553 38.483
 219 296.900971  -4.050740    31.970    31.969  4 56830.05346094 36.716
 220 296.904359  -4.052016    32.068    32.071  4 56839.96909364 46.955
 221 296.906473  -4.053834    31.680    31.651  3 56849.88472756 34.483
 222 296.903664  -4.051358    31.546    31.524  4 56859.80038247 34.474
 223 296.901708  -4.051315    31.183    31.184  4 56869.71603623 38.114
 224 296.900521  -4.051745    30.569    30.569  4 56879.63168747 34.567
 225 296.899465  -4.050936    30.017    29.988  3 56889.54733540 38.944
 226 296.897796  -4.049851    29.137    29.117  3 56899.46298036 30.573
 227 296.896206  -4.049344    28.313    28.292  4 56909.37862275 42.475
 228 296.897062  -4.049305    27.296    27.270  4 56919.29426333 38.931
 229 296.900012  -4.051118    25.707    25.627  3 56929.20990161 43.988
 230 296.904459  -4.053117    27.185    27.195  4 56939.12553556 24.285
 231 296.907894  -4.054019    23.567    23.560  4 56949.04117100 35.801
 232 296.904540  -4.052213    24.039    24.042  4 56958.95682386 42.054
 233 296.901481  -4.051727    24.119    24.162  3 56968.87247156 27.287
 234 296.900996  -4.051599    24.334    24.325  3 56978.78811575 28.743
 235 296.902782  -4.052323    25.380    25.243  4 56988.70375560 26.838
 236 296.906809  -4.053976    25.673    25.294  4 56998.61938923 30.454
 237 296.905385  -4.052810    28.667    28.866  3 57008.53504022 21.140
 238 296.902068  -4.051906    26.090    26.140  3 57018.45069339 22.311
 239 296.900079  -4.050012    26.433    26.421  4 57028.36634337 25.083
 240 296.898715  -4.051374    27.427    27.334  4 57038.28199079 51.217
 241 296.900309  -4.050088    27.634    27.640  4 57048.19763647 27.693
 242 296.902452  -4.051479    28.504    28.508  4 57058.11327785 47.713
 243 296.904461  -4.052968    28.397    28.341  3 57068.02891366 30.335
 244 296.906367  -4.052746    29.028    29.033  4 57077.94454576 31.690
 245 296.907310  -4.054277    29.398    29.420  4 57087.86017923 33.996
 246 296.902954  -4.052540    29.646    29.705  4 57097.77583814 35.096
 247 296.901084  -4.051040    30.011    30.060  4 57107.69149429 35.920
 248 296.901117  -4.051388    30.391    30.486  3 57117.60714513 31.750
 249 296.901491  -4.050724    30.772    30.679  4 57127.52278985 33.249
 250 296.901179  -4.051641    31.296    31.248  3 57137.43842845 36.395
