#    0.000   0.000   0.000 ;Mean Elev.(m), Avg Gradient(m/km), RMS Gradient(m/km) - SRTM1     
#    0.000   0.000   0.000 ;Mean Elev.(m), Avg Gradient(m/km), RMS Gradient(m/km) - ASTER GDEM
#   26.204  -1.106   3.348 ;Mean Elev.(m), Avg Gradient(m/km), RMS Gradient(m/km) - GMTED2010 
   1 295.234589  -3.173700    34.163    34.153  6 54668.95248715 34.833
   2 295.233039  -3.172813    33.234    33.211  5 54678.86813070 35.834
   3 295.234670  -3.174482    13.942    13.944  6 54688.78377411 25.549
   4 295.239024  -3.178079    31.808    31.813  8 54698.69941635 29.254
   5 295.241488  -3.180257    13.331    13.302 10 54708.61506051 16.151
   6 295.237258  -3.176578    28.379    28.176  8 54718.53071128 36.613
   7 295.231913  -3.171969    14.133    14.123  5 54728.44635908 24.721
   8 295.227588  -3.169269    31.973    31.921  5 54738.36200561 23.817
   9 295.225701  -3.168999    28.491    28.335  4 54748.27765244 49.082
  10 295.225443  -3.169429    27.314    27.197  5 54758.19329911 50.693
  11 295.226284  -3.168307    27.709    27.698  5 54768.10894335 34.936
  12 295.229146  -3.170865    28.559    28.540  6 54778.02458522 38.975
  13 295.230782  -3.171517    31.814    31.799  6 54787.94022431 26.151
  14 295.231713  -3.171872    29.245    29.243  5 54797.85586261 23.606
  17 295.236701  -3.175615    31.389    31.359  8 54827.60279092 29.406
  18 295.232035  -3.172455    30.766    30.739  6 54837.51842953 38.382
  19 295.226859  -3.170089    30.937    30.911  5 54847.43407845 45.919
  20 295.222958  -3.166863    32.741    32.699  6 54857.34972648 41.414
  21 295.222584  -3.168051    33.691    33.659  6 54867.26537555 32.419
  22 295.223120  -3.167934    34.097    34.065  6 54877.18102359 40.330
  23 295.224217  -3.166849    34.431    34.431  6 54887.09666842 50.703
  24 295.224257  -3.167369    34.814    34.818  6 54897.01231002 46.172
  25 295.222896  -3.166898    35.278    35.296  6 54906.92794885 36.885
  26 295.223338  -3.168129    35.870    35.907  6 54916.84358721 37.483
  27 295.225281  -3.168685    36.044    36.061  5 54926.75922566 35.483
  28 295.229706  -3.171653    36.483    36.403  5 54936.67486428 40.109
  29 295.234226  -3.172864    36.772    36.747  6 54946.59050073 37.310
  30 295.240480  -3.179093    37.024    36.991  9 54956.50613604 39.580
  31 295.236622  -3.175673    37.246    37.249  7 54966.42178379 39.966
  32 295.233099  -3.173012    37.444    37.432  5 54976.33743043 47.055
  33 295.231399  -3.172311    35.380    35.386  5 54986.25307734 27.689
  34 295.231659  -3.172743    35.221    35.223  6 54996.16872465 27.375
  35 295.231580  -3.172270    37.868    37.802  6 55006.08437008 52.407
  36 295.230450  -3.171171    37.771    37.773  5 55016.00001309 51.043
  37 295.229159  -3.171064    37.525    37.524  5 55025.91565503 39.595
  38 295.228505  -3.171275    37.126    37.130  5 55035.83129687 38.932
  39 295.229988  -3.170736    36.518    36.471  5 55045.74693815 40.750
  40 295.235233  -3.174504    35.727    35.730  6 55055.66257902 36.941
  41 295.239942  -3.178404    34.674    34.695  9 55065.57821763 41.181
  42 295.236274  -3.175891    33.126    33.180  7 55075.49386549 34.526
  43 295.230033  -3.170872    31.750    31.677  5 55085.40951180 41.798
  44 295.226528  -3.169771    32.891    32.886  5 55095.32515734 27.826
  45 295.225936  -3.169632    32.528    32.431  5 55105.24080293 27.568
  46 295.226779  -3.169358    27.077    26.970  5 55115.15644828 42.123
  47 295.228993  -3.171261    27.608    27.576  5 55125.07209176 42.319
  48 295.230282  -3.171657    29.941    30.264  6 55134.98773228 33.384
  49 295.231039  -3.172226    31.837    31.883  6 55144.90337091 28.671
  50 295.231224  -3.171466    31.743    31.750  6 55154.81900890 27.535
  51 295.233093  -3.173093    31.481    31.493  6 55164.73464807 27.649
  52 295.236064  -3.174536    31.053    31.171  7 55174.65028720 29.252
  53 295.240020  -3.179359    31.299    31.596  9 55184.56592887 25.461
  54 295.234703  -3.173989    31.309    31.299  7 55194.48157908 37.995
  55 295.229299  -3.171141    32.031    32.104  6 55204.39722827 42.783
  56 295.225582  -3.168937    31.944    31.931  4 55214.31287685 32.294
  57 295.224010  -3.167234    31.721    31.755  6 55224.22852500 30.011
  58 295.224724  -3.167899    31.730    31.565  6 55234.14417200 51.966
  59 295.226576  -3.168967    32.454    32.392  5 55244.05981588 53.574
  60 295.226461  -3.169399    32.322    32.233  5 55253.97545644 36.224
  61 295.223917  -3.166451    32.434    32.432  6 55263.89109444 37.415
  62 295.223703  -3.166035    32.561    32.561  6 55273.80673244 35.829
  63 295.227450  -3.169551    32.885    32.797  5 55283.72237131 31.723
  64 295.232789  -3.172862    33.348    33.356  6 55293.63800894 33.862
  66 295.233509  -3.172586    34.672    34.659  6 55313.46929424 37.459
  67 295.231385  -3.172381    35.236    35.242  6 55323.38493947 37.588
  68 295.229852  -3.171393    35.543    35.492  6 55333.30058297 50.127
  69 295.229399  -3.170955    35.588    35.578  5 55343.21622638 51.463
  70 295.230101  -3.170854    35.723    35.718  6 55353.13186946 45.021
  71 295.231745  -3.172231    35.707    35.725  6 55363.04751075 36.423
  72 295.232499  -3.172120    35.526    35.508  6 55372.96314986 36.571
  74 295.235754  -3.174986    33.924    33.919  6 55392.79442605 31.917
  75 295.240315  -3.179236    32.944    32.939  9 55402.71006337 34.244
  76 295.238055  -3.177313    32.014    31.923  8 55412.62571459 30.858
  77 295.234903  -3.174013    30.644    30.535  6 55422.54136312 34.243
  78 295.232184  -3.172792    30.361    30.392  6 55432.45700932 31.284
  79 295.228874  -3.171384    27.309    27.849  5 55442.37265323 36.167
  80 295.227144  -3.170176    23.640    23.604  5 55452.28829562 46.133
  81 295.228041  -3.169658    24.026    23.959  5 55462.20393745 36.604
  82 295.231377  -3.171358    29.579    30.382  6 55472.11957819 30.058
  83 295.234824  -3.173546    27.929    30.169  6 55482.03521623 29.736
  84 295.237724  -3.176829    24.363    22.139  7 55491.95085233 31.136
  85 295.240476  -3.179910    31.329    31.548  9 55501.86648692 22.541
  86 295.238237  -3.177751    30.076    30.310  8 55511.78213122 23.356
  87 295.234582  -3.173678    27.024    27.232  6 55521.69778017 29.963
  88 295.232804  -3.173209    30.642    30.602  6 55531.61342887 23.672
  89 295.230719  -3.171090    27.402    26.797  6 55541.52907558 35.756
  90 295.229439  -3.170927    30.842    30.839  5 55551.44472058 24.638
  91 295.228029  -3.170662    27.091    27.045  5 55561.36036383 43.589
  92 295.228364  -3.170676    27.952    27.867  5 55571.27600633 45.385
  93 295.230400  -3.171831    28.067    28.008  5 55581.19164787 41.103
  94 295.233402  -3.173464    30.440    30.519  6 55591.10728651 24.936
  95 295.237241  -3.176241    30.362    30.357  8 55601.02292219 31.319
  96 295.240528  -3.179548    30.586    30.252  9 55610.93855593 28.689
  97 295.243337  -3.182095    31.204    31.138 10 55620.85418867 33.012
  98 295.237060  -3.175944    31.114    31.179  8 55630.76983998 31.226
  99 295.234153  -3.172691    31.613    31.589  6 55640.68549044 36.433
 100 295.234081  -3.173980    31.907    31.937  6 55650.60113948 32.891
 101 295.232805  -3.172777    32.927    33.000  6 55660.51678426 35.313
 102 295.231070  -3.171531    33.942    33.962  6 55670.43242537 42.988
 103 295.230724  -3.171241    34.508    34.512  6 55680.34806464 39.623
 104 295.233185  -3.172297    35.101    35.075  6 55690.26370229 56.071
 105 295.237811  -3.176226    35.569    35.559  8 55700.17933897 50.880
 106 295.241065  -3.179838    35.944    35.890  9 55710.09497871 38.840
 107 295.236710  -3.175401    36.345    36.327  7 55720.01062706 40.689
 108 295.233326  -3.173748    36.437    36.468  6 55729.92627394 38.673
 109 295.231122  -3.171502    36.527    36.463  5 55739.84191970 35.519
 110 295.230767  -3.171435    36.336    36.283  6 55749.75756504 41.290
 111 295.231849  -3.171989    35.954    35.895  6 55759.67320844 38.691
 112 295.233930  -3.174168    35.425    35.435  6 55769.58884943 40.235
 113 295.235156  -3.174347    34.658    34.660  6 55779.50448670 38.119
 114 295.237372  -3.176211    33.317    33.334  8 55789.42012162 45.676
 115 295.241267  -3.180291    31.180    31.123 10 55799.33575570 46.509
 116 295.239303  -3.177733    27.318    27.287  9 55809.25140105 48.855
 117 295.238851  -3.178021    29.803    30.375  9 55819.16704946 37.674
 118 295.240466  -3.180064    31.084    31.451  9 55829.08269406 23.149
 119 295.241214  -3.180138    25.557    25.551 10 55838.99833380 42.076
 120 295.240987  -3.179693    31.142    31.311 10 55848.91397050 27.085
 121 295.242480  -3.181543    31.059    31.006 10 55858.82960611 22.179
 122 295.239394  -3.178305    30.772    30.611  8 55868.74525361 22.587
 123 295.237311  -3.176461    28.401    28.355  7 55878.66090511 29.214
 133 295.232748  -3.172741    34.696    34.710  5 55977.81733420 35.238
 134 295.237041  -3.176014    35.021    34.992  7 55987.73297192 35.562
 135 295.241145  -3.180162    35.390    35.327  9 55997.64861324 35.852
 136 295.237409  -3.175909    35.804    35.796  8 56007.56426391 38.302
 137 295.233353  -3.172101    36.207    36.225  6 56017.47991038 36.841
 141 295.235097  -3.174897    37.854    37.887  6 56057.14247541 45.757
 142 295.242160  -3.181720    37.968    37.982 10 56067.05811040 41.560
 143 295.238065  -3.177373    38.136    38.096  8 56076.97375729 50.613
 144 295.232502  -3.172350    38.041    38.004  5 56086.88940437 36.615
 145 295.230696  -3.172030    37.964    37.978  6 56096.80505050 41.364
 146 295.231444  -3.172259    37.562    37.589  6 56106.72069505 38.485
 147 295.233589  -3.173036    36.982    36.949  6 56116.63632548 37.447
 148 295.236984  -3.176086    36.024    36.013  7 56126.55196437 36.088
 149 295.239570  -3.178357    35.044    35.069  9 56136.46759911 36.761
 150 295.236843  -3.175895    33.589    33.600  7 56146.38324200 44.343
 151 295.233329  -3.172716    31.696    31.614  6 56156.29889014 44.372
 152 295.232404  -3.171774    29.416    29.399  6 56166.21453790 42.613
 153 295.233932  -3.173965    29.747    30.044  6 56176.13018414 32.816
 154 295.235784  -3.174864    31.486    31.712  6 56186.04582519 26.276
 155 295.236881  -3.175640    27.627    27.821  8 56195.96146244 38.235
 156 295.237949  -3.177038    31.867    31.978  8 56205.87709714 28.987
 157 295.240543  -3.179488    28.383    28.033 10 56215.79273106 33.023
 158 295.243102  -3.181853    28.225    27.818 10 56225.70837143 32.140
 159 295.240421  -3.179907    30.054    29.707  9 56235.62402663 23.343
 160 295.237115  -3.176137    31.585    31.671  7 56245.53967753 28.227
 161 295.233799  -3.172877    31.571    31.624  6 56255.45532343 23.334
 162 295.232037  -3.172073    27.939    27.582  5 56265.37096579 34.401
 165 295.231197  -3.171271    30.648    30.918  6 56295.11790220 30.841
 166 295.230567  -3.171285    31.695    31.713  6 56305.03354837 34.403
 167 295.229507  -3.171471    32.747    32.653  5 56314.94919106 35.612
 168 295.228337  -3.170327    33.137    33.149  6 56324.86483185 34.956
 169 295.229707  -3.171273    33.537    33.488  5 56334.78047275 32.721
 170 295.232992  -3.172890    33.837    33.824  5 56344.69611318 32.470
 171 295.237848  -3.177022    34.368    34.340  8 56354.61175197 35.914
 172 295.236849  -3.176346    34.916    34.934  7 56364.52739700 37.889
 173 295.231712  -3.171928    35.607    35.582  5 56374.44304499 36.574
 175 295.226636  -3.169615    36.421    36.412  5 56394.27433383 49.468
 176 295.228438  -3.170163    36.672    36.729  5 56404.18997572 41.823
 177 295.232350  -3.172327    37.010    37.073  6 56414.10561504 38.502
 178 295.238703  -3.177556    37.458    37.485  8 56424.02125030 45.208
 179 295.237337  -3.176265    37.495    37.532  8 56433.93689470 39.276
 180 295.230914  -3.171402    37.556    37.589  6 56443.85254517 40.234
 181 295.227903  -3.170971    37.595    37.556  5 56453.76819447 41.086
 182 295.227048  -3.169954    37.389    37.340  5 56463.68384131 37.230
 184 295.230777  -3.172172    36.650    36.595  6 56483.51512613 37.302
 185 295.232121  -3.171989    36.312    36.258  6 56493.43076298 43.425
 187 295.241571  -3.180401    34.877    34.769  9 56513.26203210 55.550
 188 295.241133  -3.180097    33.802    33.776 10 56523.17768061 52.963
 189 295.238264  -3.177016    33.124    33.070  8 56533.09333115 48.946
 191 295.232821  -3.172947    31.288    31.318  6 56552.92462191 33.073
 192 295.231022  -3.171472    31.171    30.668  5 56562.84026409 29.584
 194 295.234324  -3.173758    31.350    31.704  6 56582.67154636 26.932
 195 295.241147  -3.180235    30.080    29.623 10 56592.58718377 26.746
 196 295.237605  -3.176680    30.742    31.259  8 56602.50283421 29.472
 197 295.233067  -3.172662    30.415    30.663  6 56612.41848270 27.062
 198 295.231561  -3.172640    31.838    31.824  6 56622.33412768 26.272
 199 295.231299  -3.172000    31.086    31.044  5 56632.24976956 46.263
 200 295.234577  -3.173484    31.319    31.313  6 56642.16540769 46.362
 201 295.233613  -3.172481    31.686    31.656  6 56652.08105659 47.031
 202 295.231699  -3.172369    31.619    31.792  5 56661.99670598 27.887
 203 295.229329  -3.170870    32.071    32.206  5 56671.91235235 30.677
 205 295.229351  -3.171388    32.814    32.668  5 56691.74364155 27.888
 206 295.232659  -3.172564    33.123    33.116  6 56701.65928199 32.130
 207 295.237589  -3.176739    33.118    33.153  7 56711.57491825 29.941
 208 295.234012  -3.172481    33.525    33.534  6 56721.49056250 35.230
 209 295.228316  -3.169702    33.985    34.007  5 56731.40621340 47.004
 211 295.225958  -3.168215    35.051    35.053  5 56751.23750419 53.839
 212 295.230922  -3.172107    35.474    35.498  6 56761.15314356 38.761
 213 295.237546  -3.176191    35.814    35.819  8 56771.06877643 46.762
 214 295.232489  -3.172618    36.238    36.216  5 56780.98442908 42.093
 215 295.227099  -3.170088    36.716    36.667  5 56790.90008265 34.309
 216 295.222424  -3.167209    37.187    37.126  6 56800.81573335 39.311
 217 295.222293  -3.167115    37.484    37.537  6 56810.73137826 38.378
 219 295.228850  -3.170427    37.614    37.565  6 56830.56265616 45.886
 220 295.233930  -3.173708    35.360    35.365  6 56840.47829025 30.627
 221 295.237598  -3.177015    37.345    37.302  8 56850.39392638 39.134
 222 295.232322  -3.172387    36.987    36.931  5 56860.30957904 42.743
 223 295.230077  -3.171465    36.448    36.481  5 56870.22523178 50.916
 224 295.229299  -3.171400    35.682    35.644  5 56880.14088210 52.697
 225 295.228096  -3.170479    34.756    34.670  5 56890.05652862 48.405
 226 295.225949  -3.169223    33.843    33.779  5 56899.97217223 31.191
 227 295.223451  -3.167278    32.820    32.827  6 56909.88781374 30.542
 228 295.223545  -3.165870    31.682    31.539  6 56919.80345423 37.666
 229 295.228427  -3.170307    31.982    32.196  5 56929.71909448 20.722
 230 295.234854  -3.174314    30.989    30.736  6 56939.63473029 27.814
 231 295.240001  -3.179588    29.692    29.609  9 56949.55036892 25.863
 232 295.233832  -3.173397    30.285    30.356  6 56959.46601990 31.218
 233 295.229822  -3.170778    30.228    30.246  6 56969.38166650 42.466
 234 295.229704  -3.171028    31.518    31.593  5 56979.29730992 29.972
 235 295.232803  -3.172734    31.712    31.853  6 56989.21294930 28.963
 236 295.240321  -3.179322    31.475    31.310 10 56999.12858372 38.391
 237 295.237181  -3.175964    31.797    31.825  8 57009.04423418 33.286
 238 295.232793  -3.172830    31.883    31.817  6 57018.95988569 35.884
 239 295.229440  -3.170762    32.345    32.285  5 57028.87553472 30.574
 240 295.228111  -3.170378    32.934    32.931  5 57038.79118287 34.449
 241 295.228569  -3.169912    33.708    33.701  5 57048.70682896 35.290
 242 295.231480  -3.171699    34.369    34.323  6 57058.62247188 36.381
 243 295.234343  -3.172971    34.661    34.690  6 57068.53810896 34.076
 244 295.237368  -3.176496    35.093    35.118  7 57078.45374212 35.934
 245 295.238815  -3.177951    35.534    35.447  9 57088.36937758 37.839
 246 295.231825  -3.172486    35.704    35.646  5 57098.28503419 36.089
 247 295.228905  -3.170511    36.143    36.126  6 57108.20068873 48.025
 248 295.229632  -3.170949    36.347    36.329  5 57118.11633883 32.818
 249 295.230385  -3.171590    36.843    36.766  6 57128.03198287 44.256
 250 295.230724  -3.171766    37.176    37.202  6 57137.94762129 40.766
