#    0.000   0.000   0.000 ;Mean Elev.(m), Avg Gradient(m/km), RMS Gradient(m/km) - SRTM1     
#    0.000   0.000   0.000 ;Mean Elev.(m), Avg Gradient(m/km), RMS Gradient(m/km) - ASTER GDEM
#    0.016  -1.147   3.707 ;Mean Elev.(m), Avg Gradient(m/km), RMS Gradient(m/km) - GMTED2010 
   1 309.681668  -0.031753     1.362     1.444 47 54660.48049499 22.681
   2 309.679297  -0.031463     0.445     1.449 48 54670.39614036 21.280
   3 309.678168  -0.031154     0.513     1.070 47 54680.31178389 22.396
   4 309.679620  -0.031574    -1.190    -0.306 47 54690.22742631 25.567
   5 309.683529  -0.031103    -2.672    -1.756 48 54700.14306688 30.491
   6 309.685042  -0.030338    -3.616    -3.088 47 54710.05871219 28.986
   7 309.681601  -0.031769     0.341     0.727 47 54719.97436270 22.717
   8 309.677311  -0.031835     1.547     1.687 48 54729.89001108 20.207
   9 309.673655  -0.031964     1.411     1.450 48 54739.80565829 18.276
  10 309.671796  -0.032794     0.296     0.501 47 54749.72130565 30.300
  11 309.671930  -0.031738    -2.488    -1.808 48 54759.63695340 30.876
  12 309.672875  -0.031795    -2.574    -1.778 48 54769.55259867 32.313
  13 309.674153  -0.032128     1.315     1.328 47 54779.46824046 15.920
  14 309.675528  -0.031528     1.729     1.936 47 54789.38387971 20.524
  15 309.676661  -0.031172     0.673     1.207 47 54799.29951753 20.207
  17 309.682075  -0.030923    -2.256    -0.858 47 54819.13079303 28.844
  18 309.680417  -0.031508    -3.531    -3.296 48 54829.04644489 31.412
  19 309.677350  -0.031424     1.096     1.434 48 54838.96208351 20.694
  20 309.672738  -0.032619     1.186     1.738 47 54848.87773221 21.965
  21 309.669942  -0.032338     1.831     1.851 47 54858.79338111 18.185
  22 309.669060  -0.031957     1.033     1.281 48 54868.70903038 18.778
  23 309.669584  -0.032185    -1.270    -1.050 48 54878.62467879 26.453
  24 309.670986  -0.032456    -2.386    -1.665 48 54888.54032402 31.536
  25 309.670487  -0.032827    -2.374    -1.462 47 54898.45596557 33.486
  26 309.669248  -0.032296     0.917     1.536 47 54908.37160441 23.043
  27 309.669467  -0.031785    -0.048     1.137 47 54918.28724180 25.752
  28 309.672017  -0.031412     1.417     1.765 47 54928.20287913 21.693
  29 309.675933  -0.032218    -1.747    -1.435 47 54938.11851561 26.153
  30 309.680773  -0.031179    -2.737    -1.987 47 54948.03415086 28.492
  31 309.683766  -0.031516    -3.749    -3.255 47 54957.94978625 29.182
  32 309.681276  -0.031565     1.927     1.920 47 54967.86543436 19.498
  33 309.679122  -0.031181     1.131     1.935 47 54977.78108182 25.013
  34 309.677627  -0.031034     1.706     2.009 47 54987.69672937 21.963
  35 309.677243  -0.030896     0.854     0.900 47 54997.61237720 22.516
  36 309.676440  -0.032307    -1.846    -1.309 47 55007.52802284 26.535
  37 309.676048  -0.031984    -2.907    -2.668 47 55017.44366661 28.860
  38 309.675409  -0.031064     1.664     1.740 47 55027.35930888 25.287
  39 309.674666  -0.031957     2.696     2.856 48 55037.27495012 21.926
  40 309.676562  -0.031988     1.261     1.585 48 55047.19059072 18.816
  41 309.680528  -0.031686    -1.892    -0.623 47 55057.10622966 25.857
  42 309.684168  -0.030651    -1.390     0.121 47 55067.02186674 22.794
  43 309.680736  -0.031516    -2.696    -1.938 47 55076.93751646 30.949
  44 309.676511  -0.031010     1.424     1.444 47 55086.85316413 16.672
  45 309.672694  -0.032589     2.256     2.286 47 55096.76881008 17.198
  46 309.672281  -0.031681     1.992     2.021 48 55106.68445656 17.237
  47 309.672765  -0.032758     1.073     1.165 47 55116.60010228 17.558
  48 309.674417  -0.031351    -1.915    -1.243 47 55126.51574624 29.532
  49 309.674861  -0.031764    -3.140    -3.009 48 55136.43138716 31.459
  50 309.675290  -0.031809    -2.233    -2.025 47 55146.34702589 28.553
  51 309.676487  -0.031470     1.587     1.891 48 55156.26266378 19.344
  52 309.678168  -0.031855     1.456     1.723 47 55166.17830161 20.639
  53 309.681047  -0.031159     1.032     1.263 48 55176.09393944 20.993
  54 309.682062  -0.031975    -2.527    -1.443 47 55186.00958122 27.483
  55 309.678729  -0.032287    -2.613    -2.642 47 55195.92523203 30.454
  56 309.675055  -0.031548    -3.460    -3.779 47 55205.84088198 31.178
  57 309.672207  -0.032477     1.829     2.009 48 55215.75653121 20.802
  58 309.671293  -0.031719     2.587     2.597 47 55225.67218043 17.043
  59 309.671098  -0.032394     1.518     1.753 48 55235.58782720 21.707
  60 309.671873  -0.032680    -0.693    -0.022 47 55245.50347062 22.675
  61 309.671665  -0.032096    -3.018    -3.034 47 55255.41911109 28.387
  62 309.670459  -0.032664    -2.718    -2.252 48 55265.33474942 31.534
  63 309.671020  -0.032503     2.264     2.391 48 55275.25038697 22.383
  64 309.674148  -0.032233     3.071     3.120 48 55285.16602395 20.165
  65 309.679050  -0.031491     1.096     1.595 48 55295.08165937 22.001
  66 309.681265  -0.031928    -1.001     0.110 47 55304.99729777 23.707
  67 309.678967  -0.032129    -0.697     0.366 47 55314.91294444 24.797
  68 309.677230  -0.031583    -1.798    -1.378 47 55324.82858983 29.581
  69 309.676688  -0.030913     1.941     1.962 47 55334.74423432 17.917
  70 309.676532  -0.031217     2.389     2.498 47 55344.65987832 20.987
  71 309.676701  -0.031660     1.656     1.660 47 55354.57552155 18.876
  72 309.677183  -0.031615     0.092     0.703 47 55364.49116267 27.906
  73 309.677661  -0.032159    -2.698    -2.080 47 55374.40680185 28.028
  74 309.679079  -0.032153    -2.721    -2.415 47 55384.32243984 29.654
  75 309.681514  -0.030775     1.004     1.367 47 55394.23807725 21.388
  76 309.684488  -0.030373     1.298     1.619 47 55404.15371505 19.956
  77 309.682221  -0.031215     1.206     1.318 47 55414.06936584 21.527
  78 309.679920  -0.031291    -0.219     0.588 47 55423.98501398 25.402
  79 309.677386  -0.032164    -0.188     0.555 47 55433.90065957 22.608
  80 309.674974  -0.032148    -1.985    -1.527 48 55443.81630408 30.212
  81 309.673689  -0.032467    -1.221    -0.685 47 55453.73194758 27.017
  82 309.675084  -0.031040     1.121     1.792 47 55463.64759091 18.981
  83 309.677375  -0.031359     1.967     2.015 48 55473.56323167 17.199
  84 309.679614  -0.031220     1.244     1.404 47 55483.47886954 19.441
  85 309.680759  -0.031295    -2.982    -2.280 48 55493.39450497 29.893
  86 309.682643  -0.030332    -4.083    -3.878 47 55503.31013907 30.278
  87 309.680553  -0.031633    -3.271    -2.429 47 55513.22578576 32.216
  88 309.679430  -0.031270     1.372     1.559 47 55523.14143513 21.187
  89 309.678188  -0.031278     1.206     1.780 47 55533.05708284 20.931
  90 309.676647  -0.031240     0.987     1.192 47 55542.97272902 19.687
  91 309.674979  -0.031519    -1.923    -0.014 48 55552.88837332 24.718
  92 309.673829  -0.031562    -0.860    -0.294 47 55562.80401674 28.880
  93 309.674619  -0.031831    -2.673    -1.898 48 55572.71965973 30.707
  94 309.676650  -0.031158     1.304     1.573 47 55582.63530177 21.840
  95 309.678704  -0.030972     1.573     1.557 47 55592.55094027 17.837
  96 309.680608  -0.031081    -0.484     0.643 48 55602.46657520 24.936
  97 309.682105  -0.031795     0.515     0.854 47 55612.38220756 23.828
  98 309.683834  -0.031326    -0.144     0.775 47 55622.29784219 21.519
  99 309.680447  -0.031961    -2.979    -2.088 47 55632.21349414 29.920
 100 309.679645  -0.031085     1.489     1.601 47 55642.12914439 20.364
 101 309.679396  -0.031071     1.712     1.759 47 55652.04479174 18.645
 102 309.678352  -0.032237     1.086     1.472 47 55661.96043487 20.961
 103 309.677327  -0.031713     1.027     1.403 48 55671.87607543 22.418
 104 309.677050  -0.031711     1.200     1.222 48 55681.79171469 20.452
 105 309.679480  -0.031197     0.153     0.475 48 55691.70735275 30.288
 106 309.683194  -0.030577    -1.968    -1.089 47 55701.62298927 27.848
 107 309.683905  -0.031785     1.781     1.787 47 55711.53863093 20.450
 108 309.681192  -0.030494     0.698     1.695 47 55721.45428056 22.592
 109 309.677822  -0.031378    -1.218     0.222 48 55731.36992744 25.308
 110 309.676228  -0.032189     0.977     1.108 47 55741.28557301 23.113
 111 309.676405  -0.032249    -3.717    -3.786 47 55751.20121759 28.228
 112 309.678468  -0.031172    -3.339    -3.203 48 55761.11686023 29.725
 113 309.680234  -0.030694     0.819     0.964 47 55771.03249995 20.890
 114 309.680758  -0.031798     1.211     1.550 47 55780.94813597 21.698
 115 309.682042  -0.031723     1.481     1.536 47 55790.86377000 18.186
 116 309.684601  -0.031729     1.092     1.117 47 55800.77940327 17.314
 117 309.682992  -0.031159    -0.293     0.515 48 55810.69505285 22.492
 118 309.682382  -0.031085    -2.546    -1.469 48 55820.61070209 29.403
 119 309.682636  -0.031932     1.469     1.465 47 55830.52634649 15.409
 120 309.683061  -0.031766     1.620     1.628 47 55840.44198643 15.315
 121 309.682808  -0.031948     0.948     1.238 47 55850.35762295 21.129
 122 309.684168  -0.030903     0.825     1.102 48 55860.27325758 21.460
 123 309.681630  -0.031060    -0.565     0.308 48 55870.18890826 23.258
 133 309.675405  -0.032456     2.226     2.400 47 55969.34535110 23.389
 134 309.677587  -0.031688     1.824     2.028 47 55979.26098748 22.686
 135 309.681498  -0.031747     0.218     0.627 47 55989.17662303 22.424
 136 309.683504  -0.031737    -2.734    -1.489 47 55999.09226501 24.318
 137 309.681619  -0.031460    -2.891    -2.017 47 56009.00791541 29.120
 138 309.679196  -0.031616     1.421     1.600 47 56018.92356168 19.410
 139 309.676522  -0.031644     2.949     3.036 47 56028.83920526 19.059
 141 309.677066  -0.031160     1.308     1.377 47 56048.67048798 18.293
 142 309.680139  -0.031829     0.858     0.977 47 56058.58612566 21.912
 143 309.685456  -0.030238    -1.183    -0.145 47 56068.50175982 26.584
 144 309.681417  -0.031897     0.927     1.378 47 56078.41741020 20.230
 145 309.678072  -0.031275     2.094     2.391 48 56088.33305816 18.946
 146 309.676586  -0.031156     0.728     1.556 47 56098.24870352 22.202
 147 309.677226  -0.031519     0.848     1.131 48 56108.16434671 21.686
 148 309.679921  -0.030457     0.102     0.602 47 56118.07997598 24.620
 149 309.682751  -0.030477    -2.690    -1.569 47 56127.99561307 30.824
 150 309.684237  -0.031720    -2.606    -1.340 47 56137.91124642 30.020
 151 309.681309  -0.031737     0.798     1.630 47 56147.82689277 20.887
 152 309.678883  -0.031757     2.122     2.265 48 56157.74254209 21.409
 153 309.678614  -0.030856     1.753     1.794 47 56167.65819084 17.709
 154 309.678858  -0.031572    -1.053     0.149 47 56177.57383662 24.816
 155 309.679739  -0.031736    -2.512    -1.566 47 56187.48947784 29.704
 156 309.680629  -0.030775    -3.966    -3.974 47 56197.40511550 30.990
 157 309.681418  -0.031534     1.504     1.588 47 56207.32074962 17.553
 158 309.684090  -0.030700     2.293     2.374 47 56217.23638245 19.742
 159 309.684672  -0.031178     1.233     1.561 47 56227.15202501 21.621
 160 309.683112  -0.030382    -2.479    -1.094 47 56237.06767950 28.525
 161 309.680935  -0.031136    -3.769    -3.332 47 56246.98332993 31.346
 162 309.679253  -0.031371    -2.494    -2.016 48 56256.89897570 30.037
 163 309.678189  -0.031280     1.262     1.260 48 56266.81461830 16.412
 164 309.677568  -0.032298     2.340     2.353 47 56276.73025920 17.135
 165 309.676766  -0.031829     1.835     1.894 48 56286.64590716 17.146
 166 309.676032  -0.031471    -1.747    -0.663 47 56296.56155755 25.261
 167 309.675281  -0.031127    -2.379    -0.716 47 56306.47720378 27.796
 168 309.674178  -0.031565    -2.719    -2.112 48 56316.39284641 29.832
 169 309.673566  -0.032228     0.752     1.266 48 56326.30848702 20.577
 170 309.675481  -0.031455     2.731     2.779 48 56336.22412701 20.921
 171 309.678890  -0.031162     1.657     1.970 47 56346.13976562 23.939
 172 309.682565  -0.030990     0.236     0.912 47 56356.05540183 22.578
 173 309.680755  -0.031171     0.341     0.871 47 56365.97104828 23.423
 174 309.677310  -0.031212    -1.733    -0.271 47 56375.88669662 23.941
 176 309.674093  -0.031586     2.548     2.580 48 56395.71798613 17.892
 177 309.675621  -0.031628     2.395     2.420 48 56405.63362804 18.199
 178 309.678742  -0.030728     2.085     2.110 47 56415.54926694 19.193
 179 309.682752  -0.031064     0.647     0.882 47 56425.46490065 20.875
 180 309.680628  -0.030966     0.057     0.363 47 56435.38054867 29.993
 181 309.676343  -0.031533    -2.995    -2.892 47 56445.29619959 28.282
 182 309.674067  -0.032099     1.223     1.684 48 56455.21184816 23.665
 183 309.673720  -0.032267     2.045     2.320 48 56465.12749400 21.589
 184 309.675312  -0.031129     1.674     1.713 47 56475.04313665 20.283
 185 309.676878  -0.032113     0.465     0.564 47 56484.95877558 25.841
 187 309.681127  -0.031450    -2.840    -1.909 47 56504.79004702 29.333
 188 309.685450  -0.031417     1.846     1.933 47 56514.70568069 19.385
 189 309.684144  -0.030466     2.641     2.699 47 56524.62133355 18.211
 190 309.682081  -0.030242     1.610     1.696 47 56534.53698501 18.201
 192 309.676390  -0.032179    -0.578     0.392 47 56554.36827624 24.467
 193 309.675947  -0.031647    -2.255    -2.093 48 56564.28391885 29.364
 194 309.677117  -0.031784     1.618     1.813 48 56574.19956008 19.334
 195 309.680188  -0.031530     1.929     2.070 47 56584.11519898 19.813
 196 309.685163  -0.029973     1.426     1.553 47 56594.03083410 20.924
 197 309.681003  -0.031225     0.528     0.950 47 56603.94648690 19.729
 198 309.678085  -0.031049    -1.313    -0.325 47 56613.86213554 23.857
 199 309.676856  -0.031704    -1.775    -1.141 48 56623.77778041 30.155
 200 309.677483  -0.030941     0.677     0.751 47 56633.69342302 23.732
 201 309.680265  -0.031065     1.249     1.303 47 56643.60906090 18.282
 202 309.677695  -0.031676     1.454     1.700 48 56653.52471300 16.777
 203 309.675255  -0.032159     1.007     1.426 47 56663.44036212 19.886
 204 309.673703  -0.031929    -0.337     0.504 47 56673.35600839 22.761
 205 309.673184  -0.032185    -3.283    -3.566 48 56683.27165301 30.153
 206 309.674937  -0.031794    -2.924    -2.911 47 56693.18729573 27.905
 207 309.678602  -0.031746     1.753     1.775 48 56703.10293433 17.649
 208 309.682603  -0.031304     1.828     2.088 47 56713.01856791 23.499
 209 309.679141  -0.031703     0.626     1.467 47 56722.93421531 24.506
 210 309.674378  -0.031732     1.224     1.351 47 56732.84986592 18.258
 211 309.672309  -0.031652    -0.649     0.268 47 56742.76551346 21.884
 212 309.673471  -0.032264    -2.163    -2.131 48 56752.68115684 28.061
 213 309.677512  -0.032336     1.895     1.871 47 56762.59679522 19.936
 214 309.682531  -0.031918     2.511     2.549 47 56772.51242723 18.459
 215 309.676646  -0.032377     2.091     2.064 47 56782.42808431 23.386
 216 309.671863  -0.032454     0.692     1.243 48 56792.34373765 24.847
 217 309.668814  -0.032372    -2.111    -1.055 47 56802.25938811 30.832
 218 309.669935  -0.032753    -2.199    -2.040 48 56812.17503119 29.449
 219 309.672920  -0.031990     1.211     1.270 48 56822.09067077 21.341
 220 309.676276  -0.032152     1.195     1.481 47 56832.00630610 22.223
 221 309.680378  -0.031224     1.346     1.621 48 56841.92193853 19.758
 222 309.681492  -0.031518     1.341     1.508 47 56851.83757703 18.576
 223 309.677694  -0.032413     0.917     1.266 47 56861.75323101 18.642
 224 309.675929  -0.031880    -1.527    -0.814 47 56871.66888495 28.145
 225 309.674738  -0.032577    -1.968    -1.089 47 56881.58453570 28.126
 226 309.673812  -0.032229     1.313     1.318 47 56891.50018295 15.714
 227 309.671770  -0.032315     1.624     1.803 48 56901.41582679 19.315
 228 309.669604  -0.033033     0.972     1.655 47 56911.33146833 21.861
 229 309.670963  -0.032032    -0.329     0.970 47 56921.24710878 20.393
 230 309.675028  -0.031915    -2.189    -2.108 48 56931.16274712 28.895
 231 309.680781  -0.031917    -3.413    -2.563 47 56941.07838059 30.579
 232 309.683451  -0.030610     0.433     0.755 47 56950.99402135 20.493
 233 309.679097  -0.031484     1.766     1.786 47 56960.90967242 16.988
 234 309.675892  -0.031426     1.678     1.753 48 56970.82531907 19.189
 235 309.675659  -0.031637     1.050     1.118 47 56980.74096216 18.788
 236 309.678409  -0.031803    -1.719    -0.999 47 56990.65660117 29.807
 237 309.683858  -0.031847    -2.928    -1.367 47 57000.57223406 30.202
 238 309.680319  -0.031124    -0.094     0.699 48 57010.48789028 22.505
 239 309.676421  -0.032270     1.313     1.589 47 57020.40354200 23.420
 240 309.674239  -0.031665     1.716     1.906 47 57030.31919095 21.186
 241 309.673491  -0.032064     0.389     0.894 47 57040.23483781 20.797
 242 309.674709  -0.031945    -0.893     0.126 47 57050.15048273 24.114
 243 309.677784  -0.031093    -2.940    -2.701 47 57060.06612394 30.573
 244 309.680707  -0.030952     0.488     1.004 47 57069.98175945 18.402
 245 309.682735  -0.031198     1.750     1.856 47 57079.89739073 17.441
 246 309.682082  -0.031651     2.149     2.221 47 57089.81302979 18.248
 247 309.676772  -0.032193     1.432     1.671 47 57099.72868754 19.218
 248 309.675079  -0.031447     1.095     1.096 47 57109.64434280 22.187
 249 309.675780  -0.031615    -0.657     0.285 47 57119.55999257 26.152
 250 309.676067  -0.032248    -2.348    -2.011 47 57129.47563608 28.989
