#    0.000   0.000   0.000 ;Mean Elev.(m), Avg Gradient(m/km), RMS Gradient(m/km) - SRTM1     
#    0.000   0.000   0.000 ;Mean Elev.(m), Avg Gradient(m/km), RMS Gradient(m/km) - ASTER GDEM
#   20.597  -1.099   5.239 ;Mean Elev.(m), Avg Gradient(m/km), RMS Gradient(m/km) - GMTED2010 
   1    29.479 54668.44328511 28.73 296.892465  -4.085705  6.149  249.98  260.78  252.82
   1    29.044 54668.44328570 29.28 296.893362  -4.083205  5.508  249.98  260.78  252.82
   1    29.160 54668.44328629 29.73 296.894260  -4.080705  6.355  249.98  260.78  252.82
   1    29.927 54668.44328688 30.17 296.895157  -4.078205  6.332  249.98  260.78  252.82
   2    29.488 54678.35892921 37.58 296.891810  -4.084523 14.884  251.25  261.41  253.77
   2    28.928 54678.35892980 34.36 296.892708  -4.082023 16.087  251.25  261.41  253.77
   2    29.416 54678.35893039 30.53 296.893605  -4.079523  8.368  251.25  261.41  253.77
   2    29.737 54678.35893098 35.50 296.894502  -4.077023 18.065  251.25  261.41  253.77
   3    -7.377 54688.27457188 18.53 296.892971  -4.084627  2.192 -100.00 -100.00 -100.00
   3    -5.991 54688.27457247 18.38 296.893868  -4.082127  2.152 -100.00 -100.00 -100.00
   3    -4.614 54688.27457306 18.13 296.894765  -4.079627  2.252 -100.00 -100.00 -100.00
   3    -3.216 54688.27457365 18.01 296.895662  -4.077127  2.454 -100.00 -100.00 -100.00
   4    27.045 54698.19021255 36.27 296.895853  -4.085557 15.358 -100.00 -100.00 -100.00
   4    26.639 54698.19021315 38.72 296.896750  -4.083057 22.048 -100.00 -100.00 -100.00
   4    26.372 54698.19021374 30.70 296.897647  -4.080557  8.471 -100.00 -100.00 -100.00
   4    26.772 54698.19021433 31.64 296.898544  -4.078057  7.397 -100.00 -100.00 -100.00
   6    18.928 54718.02150640 30.85 296.895314  -4.084346 10.932  255.76  265.96  260.71
   6    19.568 54718.02150699 30.38 296.896211  -4.081846  9.706  255.76  265.96  260.71
   6    20.072 54718.02150758 32.35 296.897108  -4.079346 15.027  255.76  265.96  260.71
   6    28.802 54718.02150817 31.42 296.898005  -4.076846 11.354  255.76  265.96  260.71
   7    10.411 54727.93715537 21.71 296.891794  -4.083733  4.729 -100.00 -100.00 -100.00
   7    12.032 54727.93715596 23.09 296.892691  -4.081233  5.191 -100.00 -100.00 -100.00
   7    13.672 54727.93715655 22.95 296.893589  -4.078733  4.725 -100.00 -100.00 -100.00
   7    13.958 54727.93715714 22.97 296.894486  -4.076233  4.607 -100.00 -100.00 -100.00
   8    21.555 54737.85280304 23.87 296.888233  -4.083613  4.489  262.45  271.66  267.87
   8    27.861 54737.85280363 23.60 296.889131  -4.081113  4.187  262.45  271.66  267.87
   8    28.670 54737.85280422 23.26 296.890028  -4.078613  3.921  262.45  271.66  267.87
   8    28.815 54737.85280481 24.11 296.890925  -4.076113  5.090  262.45  271.66  267.87
   9    16.266 54747.76845048 25.05 296.885641  -4.084802  9.686  259.85  270.37  267.73
   9    21.126 54747.76845107 24.63 296.886538  -4.082302  9.033  259.85  270.37  267.73
   9    21.321 54747.76845166 25.20 296.887435  -4.079802  9.009  259.85  270.37  267.73
   9    21.562 54747.76845225 25.81 296.888332  -4.077302  9.776  259.85  270.37  267.73
   9    21.769 54747.76845284 26.71 296.889230  -4.074802 11.367  259.85  270.37  267.73
  10    20.204 54757.68409797 27.24 296.884844  -4.084958  7.087 -100.00 -100.00 -100.00
  10    16.522 54757.68409856 27.73 296.885742  -4.082458  7.983 -100.00 -100.00 -100.00
  10    16.923 54757.68409915 28.71 296.886639  -4.079958  9.541 -100.00 -100.00 -100.00
  10    17.522 54757.68409974 29.37 296.887536  -4.077458 10.649 -100.00 -100.00 -100.00
  10    18.182 54757.68410033 29.21 296.888433  -4.074958  9.401 -100.00 -100.00 -100.00
  11    20.961 54767.59974374 26.40 296.885995  -4.084217  4.799  264.17  271.62  266.18
  11    16.752 54767.59974433 27.77 296.886892  -4.081717  6.600  264.17  271.62  266.18
  11    21.058 54767.59974492 27.39 296.887789  -4.079217  5.269  264.17  271.62  266.18
  11    18.101 54767.59974551 29.94 296.888686  -4.076717  9.055  264.17  271.62  266.18
  11    18.967 54767.59974611 30.59 296.889584  -4.074217 10.115  264.17  271.62  266.18
  12    21.805 54777.51538604 20.12 296.887492  -4.084108  9.284 -100.00 -100.00 -100.00
  12    17.750 54777.51538663 24.45 296.888389  -4.081608 20.402 -100.00 -100.00 -100.00
  12    21.890 54777.51538722 20.61 296.889287  -4.079108  9.350 -100.00 -100.00 -100.00
  12    21.952 54777.51538782 22.34 296.890184  -4.076608 10.574 -100.00 -100.00 -100.00
  13    21.146 54787.43102571 27.55 296.888484  -4.083979  8.269 -100.00 -100.00 -100.00
  13    22.238 54787.43102630 27.64 296.889381  -4.081479  8.120 -100.00 -100.00 -100.00
  13    22.342 54787.43102689 27.32 296.890279  -4.078979  7.119 -100.00 -100.00 -100.00
  13    22.365 54787.43102748 27.76 296.891176  -4.076479  7.073 -100.00 -100.00 -100.00
  14    23.860 54797.34666358 39.68 296.888679  -4.085580 21.578  258.55  268.28  261.46
  14    24.043 54797.34666417 41.83 296.889576  -4.083080 26.640  258.55  268.28  261.46
  14    23.707 54797.34666476 46.11 296.890474  -4.080580   -100  258.55  268.28  261.46
  14    23.390 54797.34666535 48.40 296.891371  -4.078080  3.837  258.55  268.28  261.46
  14    23.537 54797.34666594 50.18 296.892268  -4.075580   -100  258.55  268.28  261.46
  17    25.647 54827.09358838 32.85 296.894246  -4.084621 18.834 -100.00 -100.00 -100.00
  17    25.337 54827.09358897 27.54 296.895143  -4.082121  8.602 -100.00 -100.00 -100.00
  17    25.151 54827.09358956 27.59 296.896041  -4.079621  8.482 -100.00 -100.00 -100.00
  17    28.661 54827.09359015 28.53 296.896938  -4.077121  8.236 -100.00 -100.00 -100.00
  18    24.741 54837.00922741 25.82 296.891156  -4.083766  6.906 -100.00 -100.00 -100.00
  18    28.299 54837.00922800 26.04 296.892053  -4.081266  7.070 -100.00 -100.00 -100.00
  18    28.650 54837.00922859 26.64 296.892951  -4.078765  7.254 -100.00 -100.00 -100.00
  18    29.131 54837.00922918 26.35 296.893848  -4.076265  5.949 -100.00 -100.00 -100.00
  19    24.233 54846.92487638 24.83 296.886547  -4.084989  7.759  259.21  269.92  264.39
  19    28.014 54846.92487697 23.57 296.887444  -4.082489  5.312  259.21  269.92  264.39
  19    28.303 54846.92487756 24.35 296.888341  -4.079989  6.333  259.21  269.92  264.39
  19    28.717 54846.92487815 23.87 296.889239  -4.077488  5.480  259.21  269.92  264.39
  19    28.928 54846.92487874 25.19 296.890136  -4.074988  6.442  259.21  269.92  264.39
  20    26.058 54856.84052582 28.98 296.884458  -4.083351  6.042 -100.00 -100.00 -100.00
  20    26.240 54856.84052641 28.72 296.885355  -4.080851  6.252 -100.00 -100.00 -100.00
  20    22.913 54856.84052700 29.90 296.886253  -4.078350  7.092 -100.00 -100.00 -100.00
  20    27.825 54856.84052759 29.68 296.887150  -4.075850  6.238 -100.00 -100.00 -100.00
  20    28.778 54856.84052818 30.86 296.888047  -4.073350  7.031 -100.00 -100.00 -100.00
  21    27.832 54866.75617526 24.87 296.883802  -4.082867 10.329 -100.00 -100.00 -100.00
  21    27.986 54866.75617585 26.34 296.884700  -4.080366 13.239 -100.00 -100.00 -100.00
  21    28.609 54866.75617644 24.17 296.885597  -4.077866  7.724 -100.00 -100.00 -100.00
  21    29.044 54866.75617703 25.72 296.886494  -4.075365 10.803 -100.00 -100.00 -100.00
  21    28.974 54866.75617762 29.23 296.887391  -4.072865 18.220 -100.00 -100.00 -100.00
  22    28.155 54876.67182422 25.88 296.884186  -4.082385 13.071 -100.00 -100.00 -100.00
  22    28.329 54876.67182481 25.05 296.885083  -4.079884 11.552 -100.00 -100.00 -100.00
  22    28.652 54876.67182540 25.33 296.885980  -4.077384 10.960 -100.00 -100.00 -100.00
  22    28.859 54876.67182599 27.67 296.886877  -4.074883 15.577 -100.00 -100.00 -100.00
  22    29.089 54876.67182658 32.42 296.887775  -4.072383 24.424 -100.00 -100.00 -100.00
  23    28.804 54886.58746953 26.00 296.884365  -4.084569 10.455 -100.00 -100.00 -100.00
  23    28.609 54886.58747012 26.34 296.885262  -4.082068 13.183 -100.00 -100.00 -100.00
  23    28.710 54886.58747071 24.81 296.886159  -4.079568 10.140 -100.00 -100.00 -100.00
  23    29.011 54886.58747130 27.12 296.887057  -4.077067 12.212 -100.00 -100.00 -100.00
  23    29.155 54886.58747189 30.95 296.887954  -4.074567 24.062 -100.00 -100.00 -100.00
  24    29.367 54896.50311177 26.68 296.884036  -4.083857 12.266 -100.00 -100.00 -100.00
  24    28.980 54896.50311236 25.70 296.884934  -4.081357 10.045 -100.00 -100.00 -100.00
  24    28.970 54896.50311295 27.77 296.885831  -4.078856 13.524 -100.00 -100.00 -100.00
  24    29.100 54896.50311354 27.80 296.886729  -4.076356 13.214 -100.00 -100.00 -100.00
  24    29.248 54896.50311413 31.23 296.887626  -4.073855 20.548 -100.00 -100.00 -100.00
  25    29.586 54906.41875111 31.27 296.883216  -4.082592  7.634 -100.00 -100.00 -100.00
  25    29.307 54906.41875170 31.62 296.884113  -4.080091  7.605 -100.00 -100.00 -100.00
  25    29.484 54906.41875229 31.95 296.885011  -4.077591  8.208 -100.00 -100.00 -100.00
  25    29.659 54906.41875288 33.28 296.885908  -4.075091  9.810 -100.00 -100.00 -100.00
  25    29.896 54906.41875347 36.14 296.886806  -4.072590 15.402 -100.00 -100.00 -100.00
  26    30.535 54916.33438856 34.76 296.883162  -4.083431 30.780  252.84  264.10  255.67
  26    30.432 54916.33438915 27.93 296.884059  -4.080931 11.810  252.84  264.10  255.67
  26    30.323 54916.33438974 27.87 296.884957  -4.078431 11.782  252.84  264.10  255.67
  26    30.139 54916.33439033 28.56 296.885854  -4.075930 12.588  252.84  264.10  255.67
  26    30.092 54916.33439092 36.03 296.886751  -4.073430   -100 -100.00 -100.00 -100.00
  27    30.354 54926.25002563 33.21 296.884539  -4.085271  9.527 -100.00 -100.00 -100.00
  27    30.449 54926.25002622 34.44 296.885437  -4.082770 11.416 -100.00 -100.00 -100.00
  27    30.331 54926.25002682 38.18 296.886334  -4.080270 20.758 -100.00 -100.00 -100.00
  27    30.550 54926.25002741 38.71 296.887232  -4.077769 20.857 -100.00 -100.00 -100.00
  27    30.476 54926.25002800 41.33 296.888129  -4.075269 28.289 -100.00 -100.00 -100.00
  28    31.613 54936.16566277 40.64 296.888396  -4.084669 22.194 -100.00 -100.00 -100.00
  28    31.126 54936.16566336 44.61 296.889294  -4.082169   -100 -100.00 -100.00 -100.00
  28    30.882 54936.16566395 42.40 296.890191  -4.079668   -100 -100.00 -100.00 -100.00
  28    31.022 54936.16566454 40.48 296.891088  -4.077168   -100 -100.00 -100.00 -100.00
  29    31.282 54946.08129776 35.44 296.892513  -4.085507 23.817 -100.00 -100.00 -100.00
  29    31.203 54946.08129835 31.33 296.893410  -4.083006 13.217 -100.00 -100.00 -100.00
  29    31.188 54946.08129894 29.64 296.894308  -4.080506  9.021 -100.00 -100.00 -100.00
  29    31.322 54946.08129953 32.41 296.895205  -4.078006 13.902 -100.00 -100.00 -100.00
  30    31.543 54955.99693056 32.66 296.897094  -4.084961  6.120  254.95  267.61  260.36
  30    31.336 54955.99693115 32.76 296.897992  -4.082461  5.826 -100.00 -100.00 -100.00
  30    31.474 54955.99693174 33.68 296.898889  -4.079960  6.827 -100.00 -100.00 -100.00
  30    31.605 54955.99693233 35.24 296.899787  -4.077460  9.436 -100.00 -100.00 -100.00
  31    31.286 54965.91257863 29.60 296.895014  -4.083836 13.101  254.71  267.57  259.58
  31    31.211 54965.91257922 33.47 296.895911  -4.081336 25.082  254.71  267.57  259.58
  31    31.653 54965.91257981 32.99 296.896809  -4.078836 20.656  254.71  267.57  259.58
  32    31.416 54975.82822613 28.49 296.892106  -4.084388  9.291 -100.00 -100.00 -100.00
  32    31.593 54975.82822672 28.47 296.893004  -4.081888 10.314 -100.00 -100.00 -100.00
  32    31.663 54975.82822731 30.23 296.893901  -4.079388 11.409 -100.00 -100.00 -100.00
  32    31.682 54975.82822790 30.71 296.894799  -4.076888 12.188 -100.00 -100.00 -100.00
  33    31.127 54985.74387367 28.81 296.890347  -4.085205 12.800  254.28  266.90  260.49
  33    31.538 54985.74387426 27.39 296.891244  -4.082705  9.255  254.28  266.90  260.49
  33    31.589 54985.74387485 30.55 296.892141  -4.080204 16.191 -100.00 -100.00 -100.00
  33    31.833 54985.74387544 30.79 296.893039  -4.077704 14.449 -100.00 -100.00 -100.00
  34    31.615 54995.65952183 28.18 296.890828  -4.084205  9.205 -100.00 -100.00 -100.00
  34    31.626 54995.65952242 31.90 296.891725  -4.081705 18.871 -100.00 -100.00 -100.00
  34    31.756 54995.65952301 33.11 296.892622  -4.079205 20.774 -100.00 -100.00 -100.00
  34    32.000 54995.65952360 33.46 296.893520  -4.076704 21.045 -100.00 -100.00 -100.00
  35    31.789 55005.57516807 33.08 296.890660  -4.084514 12.804  250.74  260.96  253.94
  35    32.015 55005.57516866 31.20 296.891557  -4.082014  8.126  250.74  260.96  253.94
  35    32.054 55005.57516925 30.38 296.892454  -4.079514  6.412  250.74  260.96  253.94
  35    32.363 55005.57516984 32.87 296.893351  -4.077013 11.140  250.74  260.96  253.94
  36    31.405 55015.49081169 29.44 296.889353  -4.085339 12.800  253.57  264.18  257.56
  36    31.657 55015.49081228 28.83 296.890250  -4.082839 10.918  253.57  264.18  257.56
  36    31.838 55015.49081287 30.54 296.891147  -4.080338 15.592  253.57  264.18  257.56
  36    32.111 55015.49081347 31.04 296.892044  -4.077838 14.760 -100.00 -100.00 -100.00
  37    32.114 55025.40645408 36.30 296.888304  -4.084566 22.640  246.23  256.60  250.34
  37    31.911 55025.40645467 30.14 296.889201  -4.082066  8.142 -100.00 -100.00 -100.00
  37    31.939 55025.40645526 31.01 296.890098  -4.079565  8.405 -100.00 -100.00 -100.00
  37    32.086 55025.40645585 31.77 296.890995  -4.077065  8.718 -100.00 -100.00 -100.00
  38    32.122 55035.32209554 41.82 296.887620  -4.085044 29.192  246.92  257.11  249.29
  38    32.078 55035.32209613 43.50 296.888517  -4.082544   -100  246.92  257.11  249.29
  38    31.718 55035.32209672 49.35 296.889414  -4.080044 19.480  246.92  257.11  249.29
  38    31.658 55035.32209731 48.93 296.890312  -4.077544 23.605  246.92  257.11  249.29
  38    31.789 55035.32209790 52.14 296.891209  -4.075044  8.744  246.92  257.11  249.29
  39    31.494 55045.23773642 39.92 296.889346  -4.085522 18.605  249.13  259.99  253.98
  39    31.342 55045.23773701 43.66 296.890243  -4.083022   -100  249.13  259.99  253.98
  39    31.222 55045.23773760 43.86 296.891140  -4.080521   -100  249.13  259.99  253.98
  39    31.442 55045.23773819 45.89 296.892037  -4.078021   -100  249.13  259.99  253.98
  40    30.458 55055.15337608 32.05 296.893764  -4.084512  7.133 -100.00 -100.00 -100.00
  40    30.455 55055.15337667 32.39 296.894661  -4.082012  6.413 -100.00 -100.00 -100.00
  40    30.603 55055.15337726 33.19 296.895558  -4.079512  7.410 -100.00 -100.00 -100.00
  40    30.732 55055.15337785 35.08 296.896455  -4.077012 10.355 -100.00 -100.00 -100.00
  41    30.202 55065.06901286 40.71 296.896395  -4.086240 24.510 -100.00 -100.00 -100.00
  41    29.955 55065.06901345 40.42 296.897292  -4.083740 26.119 -100.00 -100.00 -100.00
  41    29.983 55065.06901404 42.89 296.898189  -4.081240 31.827 -100.00 -100.00 -100.00
  41    29.700 55065.06901463 40.44 296.899086  -4.078740 26.817 -100.00 -100.00 -100.00
  42    29.019 55074.98466027 24.39 296.893954  -4.085657 13.183 -100.00 -100.00 -100.00
  42    29.765 55074.98466086 22.71 296.894851  -4.083157  8.825 -100.00 -100.00 -100.00
  42    29.795 55074.98466145 24.28 296.895748  -4.080657 11.591 -100.00 -100.00 -100.00
  42    29.684 55074.98466204 28.29 296.896646  -4.078157 18.468 -100.00 -100.00 -100.00
  43    28.909 55084.90030780 22.63 296.889372  -4.085881  3.321 -100.00 -100.00 -100.00
  43    29.271 55084.90030839 22.97 296.890270  -4.083381  4.149 -100.00 -100.00 -100.00
  43    29.367 55084.90030898 24.67 296.891167  -4.080881  6.447 -100.00 -100.00 -100.00
  43    29.760 55084.90030957 31.08 296.892064  -4.078381 15.475 -100.00 -100.00 -100.00
  43    29.976 55084.90031016 31.48 296.892962  -4.075881 12.792 -100.00 -100.00 -100.00
  44    28.765 55094.81595480 22.41 296.886980  -4.083525  5.787 -100.00 -100.00 -100.00
  44    29.159 55094.81595539 22.82 296.887877  -4.081025  5.785 -100.00 -100.00 -100.00
  44    29.566 55094.81595598 26.53 296.888774  -4.078525 10.751 -100.00 -100.00 -100.00
  44    29.475 55094.81595657 29.99 296.889671  -4.076025 15.794 -100.00 -100.00 -100.00
  45    17.918 55104.73160145 30.25 296.886188  -4.083322 13.705 -100.00 -100.00 -100.00
  45    28.372 55104.73160204 27.84 296.887085  -4.080822  8.399 -100.00 -100.00 -100.00
  45    28.828 55104.73160263 29.60 296.887982  -4.078322  9.950 -100.00 -100.00 -100.00
  45    29.195 55104.73160322 31.36 296.888880  -4.075822  9.769 -100.00 -100.00 -100.00
  46    15.596 55114.64724760 28.61 296.886075  -4.084885  8.309 -100.00 -100.00 -100.00
  46    20.614 55114.64724819 28.97 296.886972  -4.082385  8.520 -100.00 -100.00 -100.00
  46    28.553 55114.64724878 29.67 296.887869  -4.079885  9.218 -100.00 -100.00 -100.00
  46    28.867 55114.64724937 30.34 296.888766  -4.077385 10.422 -100.00 -100.00 -100.00
  46    29.152 55114.64724996 34.28 296.889664  -4.074885 14.751 -100.00 -100.00 -100.00
  47    28.633 55124.56289167 17.64 296.887035  -4.085127  6.178 -100.00 -100.00 -100.00
  47    28.475 55124.56289226 20.85 296.887933  -4.082627 10.639 -100.00 -100.00 -100.00
  47    28.667 55124.56289285 20.57 296.888830  -4.080127  9.652 -100.00 -100.00 -100.00
  47    29.043 55124.56289344 25.14 296.889727  -4.077627 14.938 -100.00 -100.00 -100.00
  47    29.105 55124.56289403 26.45 296.890624  -4.075127 15.930 -100.00 -100.00 -100.00
  48    20.320 55134.47853279 25.51 296.887709  -4.085557  7.568 -100.00 -100.00 -100.00
  48    16.794 55134.47853338 27.74 296.888607  -4.083057 11.297 -100.00 -100.00 -100.00
  48    27.752 55134.47853397 26.79 296.889504  -4.080557  7.410 -100.00 -100.00 -100.00
  48    28.462 55134.47853456 27.26 296.890401  -4.078057  9.014 -100.00 -100.00 -100.00
  48    28.423 55134.47853515 32.81 296.891298  -4.075557 19.884 -100.00 -100.00 -100.00
  49    20.540 55144.39417165 23.70 296.888215  -4.085265  4.639 -100.00 -100.00 -100.00
  49    27.834 55144.39417224 23.99 296.889112  -4.082765  4.871 -100.00 -100.00 -100.00
  49    28.174 55144.39417283 24.14 296.890009  -4.080265  4.384 -100.00 -100.00 -100.00
  49    28.665 55144.39417342 25.76 296.890907  -4.077765  6.287 -100.00 -100.00 -100.00
  49    28.740 55144.39417401 30.87 296.891804  -4.075265 12.750 -100.00 -100.00 -100.00
  50    27.992 55154.30980961 17.99 296.888913  -4.084903  6.586 -100.00 -100.00 -100.00
  50    28.657 55154.30981020 18.00 296.889810  -4.082403  6.380 -100.00 -100.00 -100.00
  50    28.299 55154.30981079 19.48 296.890708  -4.079903  8.087 -100.00 -100.00 -100.00
  50    28.894 55154.30981139 20.08 296.891605  -4.077403  7.964 -100.00 -100.00 -100.00
  51    20.741 55164.22544817 39.80 296.891064  -4.083523 15.595 -100.00 -100.00 -100.00
  51    20.119 55164.22544876 43.96 296.891961  -4.081023 23.655 -100.00 -100.00 -100.00
  51    19.521 55164.22544935 48.37 296.892859  -4.078523  2.665 -100.00 -100.00 -100.00
  52    21.302 55174.14108563 28.91 296.893016  -4.086285 15.033 -100.00 -100.00 -100.00
  52    21.261 55174.14108622 27.47 296.893913  -4.083785 11.826 -100.00 -100.00 -100.00
  52    21.140 55174.14108681 26.94 296.894810  -4.081285 11.041 -100.00 -100.00 -100.00
  52    20.970 55174.14108740 25.62 296.895708  -4.078785  7.026 -100.00 -100.00 -100.00
  53    19.222 55184.05672485 29.56 296.896151  -4.085514 11.224  257.76  268.72  262.96
  53    19.866 55184.05672544 32.01 296.897049  -4.083014 16.237  257.76  268.72  262.96
  53    20.247 55184.05672603 33.84 296.897946  -4.080514 23.062  257.76  268.72  262.96
  53    21.024 55184.05672662 31.96 296.898843  -4.078013 17.098  257.76  268.72  262.96
  54    27.747 55193.97237570 22.53 296.892674  -4.086167  5.370  259.06  270.27  264.92
  54    27.862 55193.97237629 23.70 296.893572  -4.083667  6.049  259.06  270.27  264.92
  54    28.075 55193.97237688 23.52 296.894469  -4.081167  5.497  259.06  270.27  264.92
  54    28.740 55193.97237747 23.27 296.895366  -4.078666  5.310  259.06  270.27  264.92
  55    25.097 55203.88802599 26.70 296.889035  -4.084164  4.468 -100.00 -100.00 -100.00
  55    25.254 55203.88802658 26.18 296.889932  -4.081663  3.685 -100.00 -100.00 -100.00
  55    28.139 55203.88802717 26.52 296.890829  -4.079163  4.136 -100.00 -100.00 -100.00
  55    28.092 55203.88802776 26.76 296.891726  -4.076663  4.153 -100.00 -100.00 -100.00
  56    30.856 55213.80367545 21.26 296.885999  -4.084240  7.075 -100.00 -100.00 -100.00
  56    28.176 55213.80367604 20.38 296.886897  -4.081740  5.721 -100.00 -100.00 -100.00
  56    28.644 55213.80367663 19.51 296.887794  -4.079239  4.498 -100.00 -100.00 -100.00
  56    28.851 55213.80367722 21.38 296.888691  -4.076739  5.730 -100.00 -100.00 -100.00
  56    28.672 55213.80367782 27.23 296.889588  -4.074238 14.030 -100.00 -100.00 -100.00
  57    28.420 55223.71932477 21.96 296.885075  -4.083766  6.792  264.93  274.68  270.36
  57    27.743 55223.71932536 21.35 296.885972  -4.081266  5.592  264.93  274.68  270.36
  57    28.256 55223.71932595 20.65 296.886870  -4.078765  4.588  264.93  274.68  270.36
  57    28.903 55223.71932654 21.00 296.887767  -4.076265  4.719  264.93  274.68  270.36
  57    28.495 55223.71932713 28.10 296.888664  -4.073764 15.728 -100.00 -100.00 -100.00
  58    27.984 55233.63497254 22.87 296.885178  -4.083560  6.593 -100.00 -100.00 -100.00
  58    27.734 55233.63497313 23.51 296.886075  -4.081059  8.437 -100.00 -100.00 -100.00
  58    28.038 55233.63497372 22.15 296.886972  -4.078559  5.879 -100.00 -100.00 -100.00
  58    28.671 55233.63497431 22.28 296.887870  -4.076058  5.426 -100.00 -100.00 -100.00
  58    28.850 55233.63497490 24.32 296.888767  -4.073558  6.863 -100.00 -100.00 -100.00
  59    26.009 55243.55061653 22.84 296.885453  -4.085375 11.636 -100.00 -100.00 -100.00
  59    26.275 55243.55061712 22.38 296.886351  -4.082874 11.280 -100.00 -100.00 -100.00
  59    28.081 55243.55061771 21.79 296.887248  -4.080374  9.244 -100.00 -100.00 -100.00
  59    28.434 55243.55061830 21.82 296.888145  -4.077873  9.118 -100.00 -100.00 -100.00
  59    28.683 55243.55061889 23.45 296.889043  -4.075373 10.506 -100.00 -100.00 -100.00
  60    30.581 55253.46625762 21.33 296.885097  -4.084468 10.020  259.52  270.43  267.58
  60    28.251 55253.46625821 21.29 296.885994  -4.081968  9.390  259.52  270.43  267.58
  60    38.230 55253.46625880 20.42 296.886892  -4.079467  7.806  259.52  270.43  267.58
  60    28.380 55253.46625939 23.17 296.887789  -4.076967 11.477  259.52  270.43  267.58
  60    27.701 55253.46625998 28.65 296.888687  -4.074467 24.472  259.52  270.43  267.58
  61    26.937 55263.38189600 36.67 296.883635  -4.084576 19.515 -100.00 -100.00 -100.00
  61    27.273 55263.38189659 33.10 296.884533  -4.082076 11.495 -100.00 -100.00 -100.00
  61    27.314 55263.38189718 30.16 296.885430  -4.079576  7.475 -100.00 -100.00 -100.00
  61    27.107 55263.38189777 29.96 296.886327  -4.077075  7.083 -100.00 -100.00 -100.00
  61    27.543 55263.38189836 30.61 296.887225  -4.074575  7.676 -100.00 -100.00 -100.00
  62    27.522 55273.29753333 37.94 296.884051  -4.084596 22.023  256.42  267.58  259.15
  62    27.359 55273.29753392 41.97 296.884948  -4.082095   -100  256.42  267.58  259.15
  62    27.296 55273.29753451 37.92 296.885846  -4.079595   -100 -100.00 -100.00 -100.00
  62    27.003 55273.29753510 35.22 296.886743  -4.077094 25.234 -100.00 -100.00 -100.00
  62    27.063 55273.29753569 40.48 296.887640  -4.074594   -100 -100.00 -100.00 -100.00
  63    27.241 55283.21317071 34.17 296.887310  -4.083637   -100 -100.00 -100.00 -100.00
  63    27.422 55283.21317130 28.54 296.888207  -4.081137 16.186 -100.00 -100.00 -100.00
  63    27.898 55283.21317190 27.49 296.889104  -4.078636 13.941 -100.00 -100.00 -100.00
  63    28.834 55283.21317249 24.69 296.890002  -4.076136  6.919 -100.00 -100.00 -100.00
  64    28.263 55293.12880615 39.78 296.890857  -4.085847 20.235  254.03  266.53  259.58
  64    28.142 55293.12880674 41.65 296.891754  -4.083346 26.658  254.03  266.53  259.58
  64    27.644 55293.12880733 41.04 296.892652  -4.080846 32.049  254.03  266.53  259.58
  64    27.524 55293.12880792 38.06 296.893549  -4.078345 21.572  254.03  266.53  259.58
  66    28.803 55312.96008980 27.90 296.892977  -4.083863  5.171 -100.00 -100.00 -100.00
  66    28.544 55312.96009039 29.08 296.893875  -4.081363  6.131 -100.00 -100.00 -100.00
  66    29.000 55312.96009098 30.24 296.894772  -4.078863  8.164 -100.00 -100.00 -100.00
  66    29.521 55312.96009157 30.11 296.895670  -4.076362  8.704 -100.00 -100.00 -100.00
  67    29.556 55322.87573465 26.34 296.890607  -4.085096  7.219  257.18  269.60  262.63
  67    29.195 55322.87573524 25.65 296.891505  -4.082596  5.418  257.18  269.60  262.63
  67    29.541 55322.87573583 26.32 296.892402  -4.080095  6.620 -100.00 -100.00 -100.00
  67    29.411 55322.87573642 29.78 296.893300  -4.077595 12.604 -100.00 -100.00 -100.00
  68    29.005 55332.79137904 32.08 296.889689  -4.084167  8.307 -100.00 -100.00 -100.00
  68    29.235 55332.79137963 32.63 296.890587  -4.081667  8.059 -100.00 -100.00 -100.00
  68    29.290 55332.79138022 33.45 296.891484  -4.079166  9.755 -100.00 -100.00 -100.00
  68    29.578 55332.79138081 34.19 296.892381  -4.076666 11.323 -100.00 -100.00 -100.00
  69    30.117 55342.70702300 27.51 296.888950  -4.085104  5.300 -100.00 -100.00 -100.00
  69    29.817 55342.70702359 29.05 296.889848  -4.082604  7.584 -100.00 -100.00 -100.00
  69    30.091 55342.70702418 29.38 296.890745  -4.080103  8.622 -100.00 -100.00 -100.00
  69    30.175 55342.70702477 29.63 296.891642  -4.077603  8.507 -100.00 -100.00 -100.00
  70    30.250 55352.62266689 25.42 296.889435  -4.085447  6.694 -100.00 -100.00 -100.00
  70    30.227 55352.62266748 25.01 296.890332  -4.082947  5.913 -100.00 -100.00 -100.00
  70    30.086 55352.62266807 28.69 296.891229  -4.080447 12.543 -100.00 -100.00 -100.00
  70    30.423 55352.62266866 31.78 296.892126  -4.077946 15.587 -100.00 -100.00 -100.00
  71    29.531 55362.53830881 30.21 296.890800  -4.084572  7.724  254.96  264.85  257.19
  71    29.722 55362.53830940 30.73 296.891697  -4.082072  8.335  254.96  264.85  257.19
  71    30.235 55362.53830999 31.69 296.892595  -4.079571  8.996  254.96  264.85  257.19
  71    30.354 55362.53831058 38.53 296.893492  -4.077071 27.151  254.96  264.85  257.19
  72    30.208 55372.45394825 23.69 296.891331  -4.084890  5.682 -100.00 -100.00 -100.00
  72    30.129 55372.45394884 23.83 296.892229  -4.082390  5.824 -100.00 -100.00 -100.00
  72    30.240 55372.45394943 31.03 296.893126  -4.079889 19.410 -100.00 -100.00 -100.00
  72    30.380 55372.45395002 31.51 296.894023  -4.077389 19.536 -100.00 -100.00 -100.00
  74    29.466 55392.28522307 22.53 296.893299  -4.086058  8.180 -100.00 -100.00 -100.00
  74    29.425 55392.28522366 23.57 296.894196  -4.083558  9.765 -100.00 -100.00 -100.00
  74    29.734 55392.28522425 23.04 296.895093  -4.081058  7.083 -100.00 -100.00 -100.00
  74    29.755 55392.28522484 27.29 296.895990  -4.078558 14.431 -100.00 -100.00 -100.00
  75    28.849 55402.20085915 38.62 296.896945  -4.084847 15.225  253.52  264.35  256.43
  75    28.365 55402.20085974 42.95 296.897842  -4.082347   -100  253.52  264.35  256.43
  75    28.199 55402.20086033 41.98 296.898739  -4.079847 31.719  253.52  264.35  256.43
  75    28.353 55402.20086092 45.32 296.899636  -4.077347   -100  253.52  264.35  256.43
  76    27.713 55412.11650967 31.48 296.896170  -4.083891  7.354 -100.00 -100.00 -100.00
  76    27.447 55412.11651026 30.08 296.897067  -4.081391  4.410 -100.00 -100.00 -100.00
  76    27.403 55412.11651085 32.85 296.897964  -4.078891  9.097 -100.00 -100.00 -100.00
  77    25.827 55422.03215845 28.52 296.893932  -4.084469  4.206 -100.00 -100.00 -100.00
  77    25.614 55422.03215904 29.60 296.894829  -4.081969  5.164 -100.00 -100.00 -100.00
  77    25.604 55422.03215963 29.76 296.895727  -4.079469  5.305 -100.00 -100.00 -100.00
  77    29.370 55422.03216022 31.71 296.896624  -4.076969  6.808 -100.00 -100.00 -100.00
  78    28.056 55431.94780475 24.47 296.891348  -4.084641 11.333 -100.00 -100.00 -100.00
  78    28.511 55431.94780534 24.36 296.892245  -4.082141 10.402 -100.00 -100.00 -100.00
  78    29.154 55431.94780593 24.73 296.893142  -4.079641 11.043 -100.00 -100.00 -100.00
  78    29.241 55431.94780652 26.56 296.894040  -4.077141 13.660 -100.00 -100.00 -100.00
  79    28.535 55441.86344944 17.70 296.888572  -4.084105  7.899 -100.00 -100.00 -100.00
  79    28.815 55441.86345003 18.65 296.889469  -4.081605  8.220 -100.00 -100.00 -100.00
  79    28.897 55441.86345062 20.72 296.890366  -4.079105 12.202 -100.00 -100.00 -100.00
  79    29.080 55441.86345121 23.15 296.891263  -4.076605 12.891 -100.00 -100.00 -100.00
  80    30.613 55451.77909257 17.73 296.886683  -4.085440  6.205 -100.00 -100.00 -100.00
  80    28.224 55451.77909316 17.75 296.887580  -4.082940  5.936 -100.00 -100.00 -100.00
  80    28.344 55451.77909375 19.78 296.888477  -4.080440  9.544 -100.00 -100.00 -100.00
  80    28.036 55451.77909434 24.43 296.889374  -4.077940 17.645 -100.00 -100.00 -100.00
  80    28.774 55451.77909493 25.52 296.890272  -4.075440 14.381 -100.00 -100.00 -100.00
  81    17.801 55461.69473582 23.05 296.887968  -4.084295  9.933 -100.00 -100.00 -100.00
  81    18.069 55461.69473641 24.44 296.888865  -4.081795 13.110 -100.00 -100.00 -100.00
  81    18.118 55461.69473700 27.24 296.889763  -4.079295 18.942 -100.00 -100.00 -100.00
  81    17.831 55461.69473759 29.48 296.890660  -4.076795 23.711 -100.00 -100.00 -100.00
  82    18.133 55471.61037755 18.01 296.890313  -4.083771  5.513 -100.00 -100.00 -100.00
  82    28.894 55471.61037814 16.50 296.891210  -4.081271  4.323 -100.00 -100.00 -100.00
  82    18.780 55471.61037873 18.09 296.892107  -4.078771  6.142 -100.00 -100.00 -100.00
  82    18.270 55471.61037932 23.71 296.893005  -4.076271 14.972 -100.00 -100.00 -100.00
  83    16.506 55481.52601585 26.13 296.891866  -4.085187  7.941 -100.00 -100.00 -100.00
  83    16.669 55481.52601644 26.42 296.892763  -4.082687  8.422 -100.00 -100.00 -100.00
  83    16.803 55481.52601703 26.81 296.893660  -4.080187  9.241 -100.00 -100.00 -100.00
  83    16.594 55481.52601762 27.70 296.894558  -4.077687  9.899 -100.00 -100.00 -100.00
  84    15.946 55491.44165183 22.87 296.893148  -4.085516  8.219  268.91  275.63  270.04
  84    16.111 55491.44165242 22.48 296.894045  -4.083016  5.960  268.91  275.63  270.04
  84    16.065 55491.44165301 23.87 296.894942  -4.080516  8.491 -100.00 -100.00 -100.00
  84    16.287 55491.44165361 25.07 296.895840  -4.078016  8.851 -100.00 -100.00 -100.00
  85    16.859 55501.35728601 21.94 296.895257  -4.084554  8.501  269.31  274.21  269.04
  85    17.014 55501.35728660 22.12 296.896154  -4.082054  7.852  269.31  274.21  269.04
  85    17.062 55501.35728719 22.48 296.897052  -4.079554  7.998 -100.00 -100.00 -100.00
  85    17.025 55501.35728778 21.38 296.897949  -4.077054  6.441 -100.00 -100.00 -100.00
  86    17.045 55511.27292947 33.89 296.894318  -4.084764   -100 -100.00 -100.00 -100.00
  86    17.335 55511.27293006 35.90 296.895216  -4.082264   -100 -100.00 -100.00 -100.00
  86    16.993 55511.27293065 34.74 296.896113  -4.079764   -100 -100.00 -100.00 -100.00
  86    16.865 55511.27293124 31.02 296.897010  -4.077264 23.387 -100.00 -100.00 -100.00
  87    18.917 55521.18857854 31.42 296.892065  -4.085756 20.118  268.70  274.50  270.98
  87    18.536 55521.18857913 27.37 296.892963  -4.083256 10.249  268.70  274.50  270.98
  87    18.093 55521.18857972 29.39 296.893860  -4.080756 15.774  268.70  274.50  270.98
  87    15.202 55521.18858031 29.88 296.894757  -4.078256 12.700  268.70  274.50  270.98
  88    20.456 55531.10422672 36.39 296.890769  -4.085847 27.318 -100.00 -100.00 -100.00
  88    20.334 55531.10422732 35.94 296.891666  -4.083347 27.154 -100.00 -100.00 -100.00
  88    20.325 55531.10422791 36.34 296.892563  -4.080847 24.923 -100.00 -100.00 -100.00
  88    20.260 55531.10422850 34.98 296.893460  -4.078347 21.410 -100.00 -100.00 -100.00
  89    20.594 55541.01987395 29.16 296.890358  -4.083939  9.260 -100.00 -100.00 -100.00
  89    20.865 55541.01987454 29.18 296.891255  -4.081439  8.061 -100.00 -100.00 -100.00
  89    20.656 55541.01987513 29.53 296.892153  -4.078939  9.804 -100.00 -100.00 -100.00
  89    20.667 55541.01987572 30.51 296.893050  -4.076438 11.406 -100.00 -100.00 -100.00
  90    21.240 55550.93551852 18.94 296.888825  -4.085181  8.800  260.67  268.59  265.54
  90    21.189 55550.93551911 19.78 296.889722  -4.082681  8.613  260.67  268.59  265.54
  90    21.227 55550.93551970 19.27 296.890619  -4.080181  7.972  260.67  268.59  265.54
  90    21.386 55550.93552029 20.10 296.891517  -4.077681  8.169  260.67  268.59  265.54
  91    16.164 55560.85116248 27.89 296.888096  -4.083362 12.835  265.71  274.02  270.87
  91    20.569 55560.85116307 26.26 296.888993  -4.080861  8.307  265.71  274.02  270.87
  91    17.910 55560.85116366 26.98 296.889891  -4.078361  9.575  265.71  274.02  270.87
  91    21.165 55560.85116425 26.76 296.890788  -4.075861  7.735 -100.00 -100.00 -100.00
  92    21.216 55570.76680507 25.33 296.887567  -4.085083  5.435 -100.00 -100.00 -100.00
  92    21.298 55570.76680566 26.02 296.888464  -4.082583  5.727 -100.00 -100.00 -100.00
  92    20.675 55570.76680625 26.81 296.889362  -4.080082  7.953 -100.00 -100.00 -100.00
  92    21.533 55570.76680685 26.34 296.890259  -4.077582  5.652 -100.00 -100.00 -100.00
  92    21.164 55570.76680744 26.83 296.891156  -4.075082  6.467 -100.00 -100.00 -100.00
  93    21.913 55580.68244734 27.38 296.889151  -4.084194  5.426 -100.00 -100.00 -100.00
  93    21.890 55580.68244793 27.98 296.890048  -4.081693  6.379 -100.00 -100.00 -100.00
  93    21.702 55580.68244852 28.85 296.890945  -4.079193  8.026 -100.00 -100.00 -100.00
  93    21.607 55580.68244911 28.43 296.891842  -4.076693  6.920 -100.00 -100.00 -100.00
  94    20.186 55590.59808630 22.24 296.890853  -4.084883 10.549 -100.00 -100.00 -100.00
  94    20.922 55590.59808689 22.97 296.891751  -4.082382 11.822 -100.00 -100.00 -100.00
  94    22.254 55590.59808748 22.18 296.892648  -4.079882 10.308 -100.00 -100.00 -100.00
  94    28.100 55590.59808807 20.82 296.893545  -4.077382  7.949 -100.00 -100.00 -100.00
  95    19.412 55600.51372234 26.22 296.893602  -4.083916 10.796 -100.00 -100.00 -100.00
  95    19.933 55600.51372293 27.32 296.894499  -4.081415 12.277 -100.00 -100.00 -100.00
  95    20.613 55600.51372352 27.44 296.895397  -4.078915 12.775 -100.00 -100.00 -100.00
  96    24.731 55610.42935516 34.48 296.894823  -4.085686 15.284  256.46  266.24  258.98
  96    24.573 55610.42935575 35.35 296.895721  -4.083186 17.805  256.46  266.24  258.98
  96    24.725 55610.42935634 38.03 296.896619  -4.080686 24.162  256.46  266.24  258.98
  96    24.664 55610.42935693 39.70 296.897516  -4.078185 29.144  256.46  266.24  258.98
  97    25.228 55620.34498712 33.47 296.897264  -4.084495 10.604  256.95  266.14  259.86
  97    25.387 55620.34498771 32.36 296.898162  -4.081995  8.911  256.95  266.14  259.86
  97    25.232 55620.34498830 34.41 296.899059  -4.079494 12.793  256.95  266.14  259.86
  97    25.023 55620.34498889 36.77 296.899957  -4.076994 18.345  256.95  266.14  259.86
  98    26.740 55630.26063780 35.37 296.893851  -4.085078 13.623  256.18  266.00  258.53
  98    26.033 55630.26063840 36.62 296.894749  -4.082577 22.953  256.18  266.00  258.53
  98    25.798 55630.26063899 31.63 296.895646  -4.080077 13.774  256.18  266.00  258.53
  98    25.415 55630.26063958 29.47 296.896543  -4.077577  8.619 -100.00 -100.00 -100.00
  99    26.707 55640.17628808 37.30 296.892623  -4.085032 23.863 -100.00 -100.00 -100.00
  99    26.136 55640.17628867 41.51 296.893521  -4.082531   -100 -100.00 -100.00 -100.00
  99    26.141 55640.17628926 33.60 296.894418  -4.080031 27.140 -100.00 -100.00 -100.00
  99    26.034 55640.17628985 45.43 296.895315  -4.077530  4.455 -100.00 -100.00 -100.00
 100    26.697 55650.09193624 39.78 296.892741  -4.083834 26.050 -100.00 -100.00 -100.00
 100    26.493 55650.09193683 43.26 296.893639  -4.081333   -100 -100.00 -100.00 -100.00
 100    26.312 55650.09193742 41.07 296.894536  -4.078833   -100 -100.00 -100.00 -100.00
 100    26.570 55650.09193801 36.66 296.895433  -4.076333 14.739 -100.00 -100.00 -100.00
 101    27.281 55660.00758074 42.45 296.891867  -4.083819 29.870  256.23  267.98  262.06
 101    27.252 55660.00758133 41.68 296.892764  -4.081319 28.533  256.23  267.98  262.06
 101    27.339 55660.00758192 36.68 296.893662  -4.078818 12.660  256.23  267.98  262.06
 101    27.352 55660.00758251 41.55 296.894559  -4.076318 24.579  256.23  267.98  262.06
 102    26.625 55669.92322169 32.05 296.890330  -4.084595  8.241  255.61  267.19  261.75
 102    27.265 55669.92322228 32.26 296.891228  -4.082095  9.974  255.61  267.19  261.75
 102    25.263 55669.92322287 32.77 296.892126  -4.079594  9.659 -100.00 -100.00 -100.00
 102    27.919 55669.92322346 32.87 296.893023  -4.077094  8.885 -100.00 -100.00 -100.00
 103    28.906 55679.83886142 23.74 296.890554  -4.083663  6.776  256.40  268.68  262.44
 103    28.833 55679.83886201 23.89 296.891451  -4.081163  6.906 -100.00 -100.00 -100.00
 103    29.095 55679.83886260 24.18 296.892349  -4.078662  6.598 -100.00 -100.00 -100.00
 103    29.089 55679.83886319 27.32 296.893246  -4.076162 13.588 -100.00 -100.00 -100.00
 104    29.172 55689.75449887 25.05 296.891896  -4.085828  4.175  258.00  270.22  264.31
 104    29.004 55689.75449946 24.99 296.892793  -4.083327  3.998  258.00  270.22  264.31
 104    29.158 55689.75450005 25.40 296.893690  -4.080827  4.637  258.00  270.22  264.31
 104    29.237 55689.75450064 26.43 296.894588  -4.078326  6.067 -100.00 -100.00 -100.00
 105    30.010 55699.67013563 24.15 296.895436  -4.084598  6.506  258.11  269.11  261.68
 105    29.761 55699.67013622 24.86 296.896333  -4.082097  8.070  258.11  269.11  261.68
 105    29.846 55699.67013681 25.94 296.897231  -4.079597  9.758  258.11  269.11  261.68
 105    29.746 55699.67013740 27.64 296.898128  -4.077096 11.923  258.11  269.11  261.68
 106    30.157 55709.58577413 26.95 296.896903  -4.086046  5.926  254.75  265.33  257.32
 106    30.129 55709.58577472 28.17 296.897801  -4.083546  7.236  254.75  265.33  257.32
 106    30.383 55709.58577531 29.90 296.898698  -4.081045 10.090  254.75  265.33  257.32
 106    30.533 55709.58577590 31.89 296.899595  -4.078545 13.658  254.75  265.33  257.32
 107    30.352 55719.50142439 29.44 296.894277  -4.085190  5.341  251.92  262.95  254.83
 107    30.394 55719.50142498 30.36 296.895175  -4.082690  6.085  251.92  262.95  254.83
 107    30.488 55719.50142557 30.80 296.896072  -4.080190  6.747  251.92  262.95  254.83
 107    30.877 55719.50142616 34.41 296.896969  -4.077689 12.689  251.92  262.95  254.83
 108    30.767 55729.41707231 34.54 296.891987  -4.083645  9.653 -100.00 -100.00 -100.00
 108    30.790 55729.41707290 35.31 296.892884  -4.081145 10.588 -100.00 -100.00 -100.00
 108    30.862 55729.41707349 36.02 296.893781  -4.078644  9.570 -100.00 -100.00 -100.00
 109    31.130 55739.33271790 28.03 296.889916  -4.085795  6.078  250.96  262.22  254.66
 109    30.834 55739.33271849 28.40 296.890814  -4.083295  6.940  250.96  262.22  254.66
 109    31.067 55739.33271908 29.78 296.891711  -4.080794  7.205  250.96  262.22  254.66
 109    31.119 55739.33271967 31.55 296.892608  -4.078294 10.717  250.96  262.22  254.66
 110    30.895 55749.24836331 35.19 296.890546  -4.083555 18.989  249.85  261.35  255.05
 110    30.884 55749.24836390 29.68 296.891444  -4.081055  6.368  249.85  261.35  255.05
 110    30.833 55749.24836449 31.87 296.892341  -4.078555 11.205  249.85  261.35  255.05
 110    31.153 55749.24836508 38.81 296.893238  -4.076055 27.591  249.85  261.35  255.05
 111    30.955 55759.16400569 34.60 296.891152  -4.084533 11.875 -100.00 -100.00 -100.00
 111    30.782 55759.16400628 33.11 296.892049  -4.082033 10.384 -100.00 -100.00 -100.00
 111    30.740 55759.16400688 33.21 296.892947  -4.079533  9.340 -100.00 -100.00 -100.00
 111    30.720 55759.16400747 36.84 296.893844  -4.077033 17.401 -100.00 -100.00 -100.00
 112    30.289 55769.07964530 26.33 296.892036  -4.085856  6.155 -100.00 -100.00 -100.00
 112    30.181 55769.07964590 26.79 296.892933  -4.083356  6.335 -100.00 -100.00 -100.00
 112    30.271 55769.07964649 27.72 296.893831  -4.080856  7.708 -100.00 -100.00 -100.00
 112    30.458 55769.07964708 29.71 296.894728  -4.078356  9.776 -100.00 -100.00 -100.00
 113    29.686 55778.99528243 24.75 296.893598  -4.084747  7.380 -100.00 -100.00 -100.00
 113    29.613 55778.99528302 26.38 296.894495  -4.082247  8.802 -100.00 -100.00 -100.00
 113    29.702 55778.99528361 26.43 296.895392  -4.079747  8.102 -100.00 -100.00 -100.00
 113    29.998 55778.99528420 32.01 296.896290  -4.077247 20.642 -100.00 -100.00 -100.00
 114    28.156 55788.91091686 29.11 296.894726  -4.085482  6.530 -100.00 -100.00 -100.00
 114    28.617 55788.91091745 29.78 296.895623  -4.082982  8.050 -100.00 -100.00 -100.00
 114    28.858 55788.91091804 30.58 296.896521  -4.080482  8.140 -100.00 -100.00 -100.00
 114    29.134 55788.91091863 30.31 296.897418  -4.077982  8.899 -100.00 -100.00 -100.00
 115    26.386 55798.82655101 27.07 296.897498  -4.083819  5.540  256.66  266.69  261.15
 115    28.989 55798.82655160 28.37 296.898395  -4.081319  6.758  256.66  266.69  261.15
 115    29.349 55798.82655219 28.53 296.899292  -4.078819  7.008  256.66  266.69  261.15
 116    22.661 55808.74219688 26.45 296.896307  -4.084477  7.004  260.64  269.92  265.38
 116    28.960 55808.74219747 28.18 296.897204  -4.081977 10.082  260.64  269.92  265.38
 116    29.231 55808.74219806 26.35 296.898101  -4.079477  5.482  260.64  269.92  265.38
 116    29.548 55808.74219865 26.94 296.898999  -4.076977  6.778  260.64  269.92  265.38
 117    16.395 55818.65784635 29.34 296.895690  -4.084054 10.073 -100.00 -100.00 -100.00
 117    17.109 55818.65784694 32.94 296.896587  -4.081554 19.902 -100.00 -100.00 -100.00
 117    18.266 55818.65784753 30.66 296.897484  -4.079054 10.784 -100.00 -100.00 -100.00
 118    19.095 55828.57349165 25.25 296.896141  -4.083977  4.621 -100.00 -100.00 -100.00
 118    28.091 55828.57349224 26.29 296.897038  -4.081477  5.773 -100.00 -100.00 -100.00
 118    18.837 55828.57349283 26.57 296.897935  -4.078977  5.955 -100.00 -100.00 -100.00
 119    18.498 55838.48913207 25.85 296.895808  -4.085357  7.446 -100.00 -100.00 -100.00
 119    18.773 55838.48913266 27.57 296.896705  -4.082858  9.008 -100.00 -100.00 -100.00
 119    18.147 55838.48913325 28.61 296.897602  -4.080358 11.495 -100.00 -100.00 -100.00
 119    18.612 55838.48913384 29.38 296.898500  -4.077858 11.624 -100.00 -100.00 -100.00
 120    21.213 55848.40476954 30.15 296.895479  -4.085154 18.711 -100.00 -100.00 -100.00
 120    20.742 55848.40477013 29.11 296.896377  -4.082654 17.328 -100.00 -100.00 -100.00
 120    20.444 55848.40477072 30.31 296.897274  -4.080154 22.778 -100.00 -100.00 -100.00
 120    20.595 55848.40477131 30.23 296.898171  -4.077654 18.552 -100.00 -100.00 -100.00
 121    22.053 55858.32040493 36.43 296.896860  -4.084245 25.816 -100.00 -100.00 -100.00
 121    21.756 55858.32040552 38.14 296.897757  -4.081745   -100 -100.00 -100.00 -100.00
 121    21.507 55858.32040611 41.22 296.898654  -4.079245   -100 -100.00 -100.00 -100.00
 122    29.264 55868.23605142 17.73 296.895428  -4.085090  3.745 -100.00 -100.00 -100.00
 122    28.184 55868.23605201 18.89 296.896325  -4.082590  4.911 -100.00 -100.00 -100.00
 122    20.801 55868.23605260 20.63 296.897222  -4.080091  6.750 -100.00 -100.00 -100.00
 122    20.910 55868.23605319 27.02 296.898119  -4.077591 14.705 -100.00 -100.00 -100.00
 123    20.168 55878.15170287 36.14 296.894319  -4.085028 18.061 -100.00 -100.00 -100.00
 123    20.138 55878.15170346 34.05 296.895216  -4.082528 14.200 -100.00 -100.00 -100.00
 123    19.783 55878.15170405 35.58 296.896113  -4.080028 18.906 -100.00 -100.00 -100.00
 123    19.868 55878.15170464 36.62 296.897010  -4.077528 20.246 -100.00 -100.00 -100.00
 133    29.664 55977.30813427 42.46 296.890234  -4.084780 21.954 -100.00 -100.00 -100.00
 133    29.046 55977.30813486 45.55 296.891132  -4.082280   -100 -100.00 -100.00 -100.00
 133    29.140 55977.30813545 44.35 296.892029  -4.079780   -100 -100.00 -100.00 -100.00
 133    28.881 55977.30813604 49.04 296.892927  -4.077279 12.385 -100.00 -100.00 -100.00
 134    29.729 55987.22377021 39.24 296.893605  -4.085186 21.984  255.12  265.57  256.86
 134    29.431 55987.22377080 39.56 296.894502  -4.082686 31.534  255.12  265.57  256.86
 134    29.341 55987.22377139 36.99 296.895400  -4.080185 21.872  255.12  265.57  256.86
 134    29.540 55987.22377198 44.48 296.896297  -4.077685   -100 -100.00 -100.00 -100.00
 135    29.681 55997.13940872 26.94 296.897169  -4.084737 11.042  255.84  267.22  259.51
 135    29.568 55997.13940931 27.04 296.898066  -4.082236  9.219  255.84  267.22  259.51
 135    29.580 55997.13940990 27.16 296.898964  -4.079736  8.585  255.84  267.22  259.51
 135    29.519 55997.13941049 29.12 296.899861  -4.077235 14.748  255.84  267.22  259.51
 136    30.103 56007.05505963 35.97 296.895371  -4.084347 16.202  254.61  267.06  260.09
 136    30.074 56007.05506022 31.57 296.896269  -4.081847  6.253  254.61  267.06  260.09
 136    29.850 56007.05506081 31.66 296.897166  -4.079347  6.449 -100.00 -100.00 -100.00
 136    29.896 56007.05506140 32.20 296.898064  -4.076846  5.987 -100.00 -100.00 -100.00
 137    30.329 56016.97070613 26.49 296.892328  -4.085487  7.281 -100.00 -100.00 -100.00
 137    30.334 56016.97070672 26.78 296.893226  -4.082987  6.278 -100.00 -100.00 -100.00
 137    30.564 56016.97070731 27.85 296.894123  -4.080486  8.155 -100.00 -100.00 -100.00
 137    30.659 56016.97070790 32.70 296.895021  -4.077986 17.650 -100.00 -100.00 -100.00
 139    30.890 56036.80199291 28.59 296.887829  -4.085656  5.898  255.44  268.32  261.98
 139    30.924 56036.80199350 29.44 296.888726  -4.083155  8.051  255.44  268.32  261.98
 139    31.140 56036.80199409 30.34 296.889623  -4.080655  9.814 -100.00 -100.00 -100.00
 139    31.113 56036.80199468 33.94 296.890521  -4.078154 18.321 -100.00 -100.00 -100.00
 139    31.375 56036.80199527 36.94 296.891418  -4.075654 27.282 -100.00 -100.00 -100.00
 141    31.521 56056.63327250 29.01 296.893086  -4.085220  5.491 -100.00 -100.00 -100.00
 141    31.727 56056.63327309 30.20 296.893984  -4.082720  7.539 -100.00 -100.00 -100.00
 141    31.940 56056.63327368 30.81 296.894881  -4.080220  6.589 -100.00 -100.00 -100.00
 141    32.089 56056.63327427 32.10 296.895778  -4.077719  9.456 -100.00 -100.00 -100.00
 142    31.697 56066.54890664 31.02 296.897377  -4.085152 15.876  252.70  264.04  255.31
 142    31.887 56066.54890723 32.35 296.898274  -4.082652 19.149  252.70  264.04  255.31
 142    32.088 56066.54890782 30.50 296.899172  -4.080151 12.584  252.70  264.04  255.31
 142    32.064 56066.54890841 34.98 296.900069  -4.077651 24.673 -100.00 -100.00 -100.00
 143    31.984 56076.46455378 29.39 296.894686  -4.085983 12.626  247.58  258.88  250.57
 143    32.068 56076.46455437 28.33 296.895583  -4.083483  8.918  247.58  258.88  250.57
 143    31.948 56076.46455496 30.15 296.896480  -4.080982 13.282  247.58  258.88  250.57
 143    32.224 56076.46455555 32.86 296.897378  -4.078482 18.662  247.58  258.88  250.57
 144    31.749 56086.38020246 30.50 296.891429  -4.084501 18.863  251.28  262.15  255.18
 144    31.942 56086.38020305 29.26 296.892326  -4.082001 13.585 -100.00 -100.00 -100.00
 144    32.174 56086.38020364 29.78 296.893224  -4.079501 12.948 -100.00 -100.00 -100.00
 144    32.369 56086.38020423 31.01 296.894121  -4.077000 14.097 -100.00 -100.00 -100.00
 145    32.526 56096.29584822 40.84 296.889675  -4.085181 21.543 -100.00 -100.00 -100.00
 145    32.512 56096.29584881 39.17 296.890573  -4.082681 17.786 -100.00 -100.00 -100.00
 145    32.499 56096.29584940 41.38 296.891470  -4.080181 20.175 -100.00 -100.00 -100.00
 145    32.242 56096.29584999 43.41 296.892367  -4.077680   -100 -100.00 -100.00 -100.00
 146    32.448 56106.21149222 39.70 296.890563  -4.085128 20.666 -100.00 -100.00 -100.00
 146    32.164 56106.21149281 43.09 296.891460  -4.082628   -100 -100.00 -100.00 -100.00
 146    32.149 56106.21149340 42.92 296.892357  -4.080128 32.659 -100.00 -100.00 -100.00
 146    31.931 56106.21149399 45.88 296.893254  -4.077628   -100 -100.00 -100.00 -100.00
 147    31.768 56116.12712208 42.15 296.892734  -4.084260 26.329 -100.00 -100.00 -100.00
 147    31.762 56116.12712267 45.61 296.893631  -4.081760   -100 -100.00 -100.00 -100.00
 147    31.640 56116.12712326 46.28 296.894528  -4.079260   -100 -100.00 -100.00 -100.00
 147    31.757 56116.12712385 44.47 296.895425  -4.076760 32.577 -100.00 -100.00 -100.00
 148    30.584 56126.04275949 30.35 296.894633  -4.085181  5.554 -100.00 -100.00 -100.00
 148    30.905 56126.04276008 31.52 296.895531  -4.082680  6.356 -100.00 -100.00 -100.00
 148    30.889 56126.04276067 31.68 296.896428  -4.080180  6.501 -100.00 -100.00 -100.00
 148    31.167 56126.04276127 32.60 296.897325  -4.077680  7.147 -100.00 -100.00 -100.00
 149    30.648 56135.95839321 27.64 296.896209  -4.085797  4.616 -100.00 -100.00 -100.00
 149    30.445 56135.95839380 27.81 296.897107  -4.083297  4.505 -100.00 -100.00 -100.00
 149    30.360 56135.95839439 28.50 296.898004  -4.080797  5.864 -100.00 -100.00 -100.00
 149    30.690 56135.95839499 31.12 296.898901  -4.078297  9.447 -100.00 -100.00 -100.00
 150    29.087 56145.87403600 27.79 296.894662  -4.085823  6.807  253.99  261.62  259.32
 150    29.131 56145.87403659 28.47 296.895559  -4.083323  7.362  253.99  261.62  259.32
 150    29.601 56145.87403718 28.30 296.896457  -4.080823  7.433  253.99  261.62  259.32
 150    29.721 56145.87403777 28.94 296.897354  -4.078323  7.683  253.99  261.62  259.32
 151    29.770 56155.78968614 21.92 296.892621  -4.084242  6.535 -100.00 -100.00 -100.00
 151    29.837 56155.78968673 24.52 296.893518  -4.081742 10.712 -100.00 -100.00 -100.00
 151    29.884 56155.78968732 25.02 296.894416  -4.079242 10.527 -100.00 -100.00 -100.00
 151    30.143 56155.78968791 29.50 296.895313  -4.076742 16.497 -100.00 -100.00 -100.00
 152    29.704 56165.70533528 19.87 296.891836  -4.083848  6.021 -100.00 -100.00 -100.00
 152    29.849 56165.70533587 21.91 296.892733  -4.081348  7.330 -100.00 -100.00 -100.00
 152    29.751 56165.70533646 28.06 296.893630  -4.078848 20.179 -100.00 -100.00 -100.00
 152    29.887 56165.70533705 28.42 296.894528  -4.076348 17.635 -100.00 -100.00 -100.00
 153    18.664 56175.62098168 28.05 296.891431  -4.085966  5.824 -100.00 -100.00 -100.00
 153    28.529 56175.62098227 28.25 296.892328  -4.083466  6.223 -100.00 -100.00 -100.00
 153    28.976 56175.62098286 28.33 296.893226  -4.080966  6.486 -100.00 -100.00 -100.00
 153    29.463 56175.62098345 29.58 296.894123  -4.078466  7.190 -100.00 -100.00 -100.00
 154    29.288 56185.53662377 19.97 296.892940  -4.085025 11.217 -100.00 -100.00 -100.00
 154    29.411 56185.53662436 19.79 296.893837  -4.082525 10.916 -100.00 -100.00 -100.00
 154    29.276 56185.53662495 22.49 296.894734  -4.080025 12.370 -100.00 -100.00 -100.00
 154    29.465 56185.53662554 25.11 296.895631  -4.077525 18.890 -100.00 -100.00 -100.00
 155    16.101 56195.45226135 28.00 296.893025  -4.086077  8.729 -100.00 -100.00 -100.00
 155    17.011 56195.45226194 28.36 296.893922  -4.083577  8.963 -100.00 -100.00 -100.00
 155    17.708 56195.45226253 30.30 296.894819  -4.081077 12.734 -100.00 -100.00 -100.00
 155    18.375 56195.45226312 30.09 296.895717  -4.078578 10.336 -100.00 -100.00 -100.00
 156    27.961 56205.36789652 22.17 296.894219  -4.083889  6.413 -100.00 -100.00 -100.00
 156    28.498 56205.36789711 22.53 296.895116  -4.081389  7.103 -100.00 -100.00 -100.00
 156    28.185 56205.36789770 26.37 296.896014  -4.078889 12.587 -100.00 -100.00 -100.00
 157    27.584 56215.28352927 21.09 296.895691  -4.085286  4.808 -100.00 -100.00 -100.00
 157    28.433 56215.28352986 21.17 296.896588  -4.082786  5.470 -100.00 -100.00 -100.00
 157    28.560 56215.28353045 22.15 296.897485  -4.080286  5.098 -100.00 -100.00 -100.00
 157    28.690 56215.28353104 22.15 296.898382  -4.077786  5.688 -100.00 -100.00 -100.00
 158    21.542 56225.19916733 38.45 296.898228  -4.085388 17.346 -100.00 -100.00 -100.00
 158    20.725 56225.19916792 44.70 296.899125  -4.082888   -100 -100.00 -100.00 -100.00
 158    20.900 56225.19916851 48.30 296.900022  -4.080388   -100 -100.00 -100.00 -100.00
 158    20.908 56225.19916910 49.90 296.900919  -4.077888   -100 -100.00 -100.00 -100.00
 159    21.427 56235.11482239 37.60 296.896367  -4.085903 18.040 -100.00 -100.00 -100.00
 159    21.366 56235.11482298 40.22 296.897264  -4.083403 29.537 -100.00 -100.00 -100.00
 159    21.251 56235.11482357 34.26 296.898162  -4.080903 15.482 -100.00 -100.00 -100.00
 159    20.888 56235.11482417 41.76 296.899059  -4.078403   -100 -100.00 -100.00 -100.00
 160    20.937 56245.03047407 37.61 296.894970  -4.084757 20.672 -100.00 -100.00 -100.00
 160    20.938 56245.03047466 35.98 296.895867  -4.082257 22.786 -100.00 -100.00 -100.00
 160    20.605 56245.03047525 32.97 296.896764  -4.079757 15.293 -100.00 -100.00 -100.00
 160    20.750 56245.03047584 33.50 296.897661  -4.077257 13.044 -100.00 -100.00 -100.00
 161    18.553 56254.94612040 25.92 296.892352  -4.085755  7.474 -100.00 -100.00 -100.00
 161    18.881 56254.94612099 28.74 296.893250  -4.083255 11.606 -100.00 -100.00 -100.00
 161    18.974 56254.94612158 28.70 296.894147  -4.080755 12.754 -100.00 -100.00 -100.00
 161    17.001 56254.94612217 30.22 296.895044  -4.078255 13.916 -100.00 -100.00 -100.00
 162    15.404 56264.86176317 27.75 296.890682  -4.085949  9.675 -100.00 -100.00 -100.00
 162    16.527 56264.86176376 29.44 296.891579  -4.083448 10.168 -100.00 -100.00 -100.00
 162    16.993 56264.86176435 30.71 296.892476  -4.080948 12.843 -100.00 -100.00 -100.00
 162    17.662 56264.86176494 29.36 296.893373  -4.078448  9.509 -100.00 -100.00 -100.00
 165    26.533 56294.60870207 19.72 296.889881  -4.084246  5.545  262.30  271.37  266.49
 165    27.700 56294.60870266 20.25 296.890779  -4.081746  6.505  262.30  271.37  266.49
 165    28.093 56294.60870325 20.11 296.891676  -4.079245  5.465  262.30  271.37  266.49
 165    35.815 56294.60870384 20.19 296.892573  -4.076745  5.449  262.30  271.37  266.49
 166    24.420 56304.52434935 27.02 296.888991  -4.083318  5.684 -100.00 -100.00 -100.00
 166    21.240 56304.52434994 28.00 296.889889  -4.080817  7.656 -100.00 -100.00 -100.00
 166    24.403 56304.52435053 28.09 296.890786  -4.078317  6.558 -100.00 -100.00 -100.00
 166    23.936 56304.52435112 28.32 296.891683  -4.075817  7.046 -100.00 -100.00 -100.00
 167    25.250 56314.43999217 28.44 296.887400  -4.083950 17.889 -100.00 -100.00 -100.00
 167    26.352 56314.43999276 22.49 296.888298  -4.081450  5.698 -100.00 -100.00 -100.00
 167    26.352 56314.43999335 22.21 296.889195  -4.078949  6.532 -100.00 -100.00 -100.00
 167    26.445 56314.43999394 21.51 296.890093  -4.076449  5.029 -100.00 -100.00 -100.00
 168    27.186 56324.35563266 28.51 296.886597  -4.084844  7.343 -100.00 -100.00 -100.00
 168    27.134 56324.35563325 28.56 296.887494  -4.082343  7.920 -100.00 -100.00 -100.00
 168    26.878 56324.35563384 28.95 296.888392  -4.079843  8.142 -100.00 -100.00 -100.00
 168    26.786 56324.35563443 29.57 296.889289  -4.077343  9.575 -100.00 -100.00 -100.00
 168    27.103 56324.35563503 30.31 296.890186  -4.074843 10.313 -100.00 -100.00 -100.00
 169    27.419 56334.27127244 22.71 296.887855  -4.085417  6.763 -100.00 -100.00 -100.00
 169    27.608 56334.27127303 22.63 296.888753  -4.082917  5.653 -100.00 -100.00 -100.00
 169    28.035 56334.27127362 22.31 296.889650  -4.080417  5.061 -100.00 -100.00 -100.00
 169    28.243 56334.27127421 23.65 296.890547  -4.077917  6.490 -100.00 -100.00 -100.00
 169    28.414 56334.27127480 25.28 296.891445  -4.075416  8.773 -100.00 -100.00 -100.00
 170    28.258 56344.18691168 42.59 296.890825  -4.085525 23.108  253.13  264.57  258.26
 170    28.243 56344.18691227 44.77 296.891722  -4.083024 28.653  253.13  264.57  258.26
 170    28.244 56344.18691286 48.69 296.892620  -4.080524   -100 -100.00 -100.00 -100.00
 170    28.146 56344.18691345 49.95 296.893517  -4.078023   -100 -100.00 -100.00 -100.00
 171    28.521 56354.10254897 39.34 296.894850  -4.084407 26.368  254.68  267.17  260.46
 171    28.633 56354.10254956 32.80 296.895748  -4.081906  7.928 -100.00 -100.00 -100.00
 171    28.296 56354.10255015 33.75 296.896645  -4.079406 10.272 -100.00 -100.00 -100.00
 171    28.425 56354.10255074 33.21 296.897543  -4.076905  7.737 -100.00 -100.00 -100.00
 172    28.516 56364.01819227 32.36 296.894261  -4.085507  7.248  255.11  266.84  260.48
 172    28.577 56364.01819286 32.78 296.895159  -4.083006  7.265  255.11  266.84  260.48
 172    28.604 56364.01819345 33.40 296.896056  -4.080506  7.436  255.11  266.84  260.48
 172    28.606 56364.01819404 33.59 296.896954  -4.078006  7.641  255.11  266.84  260.48
 173    29.274 56373.93384093 23.48 296.890980  -4.085197  7.168 -100.00 -100.00 -100.00
 173    29.371 56373.93384152 24.40 296.891878  -4.082697  9.263 -100.00 -100.00 -100.00
 173    29.457 56373.93384211 23.87 296.892775  -4.080196  7.299 -100.00 -100.00 -100.00
 173    29.718 56373.93384270 23.63 296.893673  -4.077696  5.847 -100.00 -100.00 -100.00
 175    30.501 56393.76513130 27.02 296.886974  -4.084288 12.671 -100.00 -100.00 -100.00
 175    30.160 56393.76513189 28.48 296.887871  -4.081787 14.903 -100.00 -100.00 -100.00
 175    30.496 56393.76513248 27.77 296.888768  -4.079287 12.542 -100.00 -100.00 -100.00
 175    30.517 56393.76513307 33.40 296.889666  -4.076786 30.687 -100.00 -100.00 -100.00
 175    31.111 56393.76513366 34.96 296.890563  -4.074285 25.437 -100.00 -100.00 -100.00
 176    30.868 56403.68077357 25.34 296.888028  -4.085584  9.143  261.03  271.81  267.06
 176    30.443 56403.68077416 27.45 296.888925  -4.083083 11.409 -100.00 -100.00 -100.00
 176    30.898 56403.68077475 25.85 296.889823  -4.080583  9.128 -100.00 -100.00 -100.00
 176    30.839 56403.68077534 32.08 296.890720  -4.078082 23.707 -100.00 -100.00 -100.00
 176    31.257 56403.68077593 34.03 296.891617  -4.075582 23.634 -100.00 -100.00 -100.00
 177    30.904 56413.59641324 28.38 296.890848  -4.085855  6.402  255.12  265.76  257.62
 177    31.100 56413.59641383 29.02 296.891746  -4.083354  6.040  255.12  265.76  257.62
 177    31.302 56413.59641442 29.41 296.892643  -4.080854  6.590  255.12  265.76  257.62
 177    31.522 56413.59641501 30.44 296.893540  -4.078353  7.891  255.12  265.76  257.62
 178    31.619 56423.51204796 27.34 296.895031  -4.085807  5.496 -100.00 -100.00 -100.00
 178    31.358 56423.51204855 29.68 296.895929  -4.083307  8.772 -100.00 -100.00 -100.00
 178    31.399 56423.51204914 31.69 296.896826  -4.080806 12.782 -100.00 -100.00 -100.00
 178    31.790 56423.51204974 33.58 296.897723  -4.078306 15.168 -100.00 -100.00 -100.00
 179    31.628 56433.42769190 28.14 296.894549  -4.085275  5.982 -100.00 -100.00 -100.00
 179    31.715 56433.42769249 29.34 296.895446  -4.082775  7.182 -100.00 -100.00 -100.00
 179    31.798 56433.42769308 30.80 296.896343  -4.080275  9.446 -100.00 -100.00 -100.00
 179    31.981 56433.42769367 34.66 296.897241  -4.077774 18.704 -100.00 -100.00 -100.00
 180    32.372 56443.34334348 37.70 296.890146  -4.084549 19.651 -100.00 -100.00 -100.00
 180    32.328 56443.34334407 32.77 296.891044  -4.082049  7.638 -100.00 -100.00 -100.00
 180    32.026 56443.34334466 32.67 296.891941  -4.079548  7.367 -100.00 -100.00 -100.00
 180    32.099 56443.34334525 34.65 296.892838  -4.077048 11.527 -100.00 -100.00 -100.00
 181    32.391 56453.25899232 43.70 296.887341  -4.084912 26.769  248.84  260.61  252.00
 181    32.318 56453.25899291 46.07 296.888238  -4.082412   -100  248.84  260.61  252.00
 181    32.461 56453.25899350 48.89 296.889135  -4.079912   -100  248.84  260.61  252.00
 181    32.019 56453.25899409 51.04 296.890032  -4.077411  2.376  248.84  260.61  252.00
 181    32.097 56453.25899468 54.95 296.890930  -4.074911  6.928  248.84  260.61  252.00
 182    32.371 56463.17463909 40.52 296.887505  -4.083760 22.020  251.97  263.71  256.29
 182    31.952 56463.17463968 41.92 296.888403  -4.081260   -100  251.97  263.71  256.29
 182    31.763 56463.17464027 38.47 296.889300  -4.078760 24.551  251.97  263.71  256.29
 182    32.102 56463.17464086 41.23 296.890197  -4.076260 31.105  251.97  263.71  256.29
 184    31.389 56483.00592203 34.24 296.889662  -4.085552 11.255  251.24  263.19  257.17
 184    31.315 56483.00592262 32.00 296.890560  -4.083052  5.221  251.24  263.19  257.17
 184    31.325 56483.00592321 32.98 296.891457  -4.080552  6.763  251.24  263.19  257.17
 184    31.344 56483.00592380 32.93 296.892355  -4.078052  6.299  251.24  263.19  257.17
 185    30.735 56492.92155923 27.48 296.891544  -4.084001  3.892  252.53  263.10  258.45
 185    30.822 56492.92155982 28.41 296.892441  -4.081501  5.474  252.53  263.10  258.45
 185    30.991 56492.92156041 30.78 296.893338  -4.079001  8.419  252.53  263.10  258.45
 185    31.120 56492.92156100 36.38 296.894236  -4.076501 19.512  252.53  263.10  258.45
 187    29.905 56512.75282728 27.35 296.897290  -4.085578  6.730 -100.00 -100.00 -100.00
 187    29.752 56512.75282787 27.97 296.898187  -4.083078  6.900 -100.00 -100.00 -100.00
 187    29.815 56512.75282846 28.44 296.899084  -4.080577  7.453 -100.00 -100.00 -100.00
 187    29.980 56512.75282905 29.33 296.899981  -4.078077 10.170 -100.00 -100.00 -100.00
 188    29.236 56522.66847611 25.15 296.897459  -4.084320  5.274 -100.00 -100.00 -100.00
 188    29.407 56522.66847670 25.30 296.898356  -4.081819  4.893 -100.00 -100.00 -100.00
 188    29.683 56522.66847729 25.63 296.899253  -4.079319  5.118 -100.00 -100.00 -100.00
 189    29.677 56532.58412826 20.60 296.894648  -4.085783  6.501 -100.00 -100.00 -100.00
 189    29.088 56532.58412885 21.50 296.895545  -4.083283  7.879 -100.00 -100.00 -100.00
 189    29.690 56532.58412944 22.73 296.896442  -4.080783  8.319 -100.00 -100.00 -100.00
 189    29.610 56532.58413003 27.87 296.897340  -4.078283 19.241 -100.00 -100.00 -100.00
 191    26.142 56552.41542182 32.00 296.890573  -4.084609  7.767  254.40  264.66  256.88
 191    26.261 56552.41542241 31.32 296.891470  -4.082109  5.066  254.40  264.66  256.88
 191    26.583 56552.41542300 31.51 296.892368  -4.079609  5.465 -100.00 -100.00 -100.00
 191    29.151 56552.41542359 32.96 296.893265  -4.077109  6.981 -100.00 -100.00 -100.00
 192    25.254 56562.33106417 37.01 296.889336  -4.084806 21.122 -100.00 -100.00 -100.00
 192    24.972 56562.33106476 37.52 296.890233  -4.082306 28.886 -100.00 -100.00 -100.00
 192    24.994 56562.33106535 39.28 296.891130  -4.079806   -100 -100.00 -100.00 -100.00
 192    24.944 56562.33106594 42.43 296.892028  -4.077306   -100 -100.00 -100.00 -100.00
 193    28.667 56572.24670564 20.03 296.890217  -4.083854  5.193  258.15  266.57  259.65
 193    29.271 56572.24670623 21.92 296.891114  -4.081354  7.065  258.15  266.57  259.65
 193    29.348 56572.24670682 22.75 296.892011  -4.078854  8.378 -100.00 -100.00 -100.00
 193    29.426 56572.24670741 27.98 296.892908  -4.076355 17.007 -100.00 -100.00 -100.00
 194    23.141 56582.16234516 39.80 296.892584  -4.084252 19.562  257.29  266.89  262.12
 194    22.926 56582.16234575 43.71 296.893481  -4.081752   -100 -100.00 -100.00 -100.00
 194    22.706 56582.16234634 36.71 296.894378  -4.079252 18.512 -100.00 -100.00 -100.00
 194    22.662 56582.16234693 42.62 296.895275  -4.076752   -100 -100.00 -100.00 -100.00
 195    23.066 56592.07798037 25.96 296.896817  -4.085524  9.457  258.55  269.31  263.36
 195    28.278 56592.07798096 25.19 296.897714  -4.083024  7.431 -100.00 -100.00 -100.00
 195    28.436 56592.07798155 26.75 296.898611  -4.080524  9.965 -100.00 -100.00 -100.00
 195    28.449 56592.07798214 27.56 296.899509  -4.078024 11.975 -100.00 -100.00 -100.00
 196    23.521 56601.99363069 27.01 296.895522  -4.084114  3.962 -100.00 -100.00 -100.00
 196    23.208 56601.99363128 27.56 296.896419  -4.081614  4.653 -100.00 -100.00 -100.00
 196    23.183 56601.99363187 28.10 296.897316  -4.079114  4.738 -100.00 -100.00 -100.00
 197    28.339 56611.90928009 21.38 296.892017  -4.084774  6.196  264.04  273.47  266.86
 197    28.559 56611.90928068 19.90 296.892914  -4.082274  3.891  264.04  273.47  266.86
 197    28.883 56611.90928127 20.57 296.893811  -4.079774  3.952 -100.00 -100.00 -100.00
 197    29.116 56611.90928186 21.61 296.894708  -4.077274  4.291 -100.00 -100.00 -100.00
 198    30.752 56621.82492534 22.45 296.889892  -4.085784  7.049 -100.00 -100.00 -100.00
 198    27.705 56621.82492593 22.76 296.890789  -4.083284  7.894 -100.00 -100.00 -100.00
 198    28.100 56621.82492652 23.67 296.891686  -4.080784  6.996 -100.00 -100.00 -100.00
 198    28.635 56621.82492711 24.11 296.892583  -4.078284  8.183 -100.00 -100.00 -100.00
 199    21.803 56631.74056817 21.49 296.889655  -4.085553  2.343  264.05  273.91  267.98
 199    22.949 56631.74056876 21.56 296.890553  -4.083052  2.390 -100.00 -100.00 -100.00
 199    24.191 56631.74056935 21.21 296.891450  -4.080552  2.255 -100.00 -100.00 -100.00
 199    24.774 56631.74056994 21.30 296.892347  -4.078052  2.473 -100.00 -100.00 -100.00
 200    27.772 56641.65620740 22.81 296.892457  -4.084167  5.425 -100.00 -100.00 -100.00
 200    27.842 56641.65620799 23.19 296.893355  -4.081667  5.040 -100.00 -100.00 -100.00
 200    28.295 56641.65620858 23.70 296.894252  -4.079167  4.931 -100.00 -100.00 -100.00
 200    28.697 56641.65620917 24.60 296.895149  -4.076667  6.411 -100.00 -100.00 -100.00
 201    37.747 56651.57185633 17.37 296.891316  -4.085267  4.717 -100.00 -100.00 -100.00
 201    37.003 56651.57185692 17.43 296.892213  -4.082767  5.219 -100.00 -100.00 -100.00
 201    36.581 56651.57185751 17.69 296.893111  -4.080267  4.493 -100.00 -100.00 -100.00
 201    36.000 56651.57185810 17.77 296.894008  -4.077766  4.869 -100.00 -100.00 -100.00
 202    30.617 56661.48750649 18.80 296.888758  -4.085721  4.844 -100.00 -100.00 -100.00
 202    28.681 56661.48750708 19.07 296.889655  -4.083221  5.155 -100.00 -100.00 -100.00
 202    28.573 56661.48750767 18.64 296.890552  -4.080721  3.388 -100.00 -100.00 -100.00
 202    28.595 56661.48750826 18.91 296.891450  -4.078220  3.569 -100.00 -100.00 -100.00
 202    29.014 56661.48750885 20.23 296.892347  -4.075720  5.845 -100.00 -100.00 -100.00
 203    26.540 56671.40315364 24.38 296.887180  -4.084515  6.432  255.36  265.77  257.18
 203    27.094 56671.40315423 23.40 296.888077  -4.082014  5.063  255.36  265.77  257.18
 203    27.617 56671.40315482 23.90 296.888975  -4.079514  6.257  255.36  265.77  257.18
 203    28.165 56671.40315541 24.70 296.889872  -4.077014  8.295  255.36  265.77  257.18
 203    27.930 56671.40315600 30.48 296.890770  -4.074514 18.030 -100.00 -100.00 -100.00
 205    27.514 56691.23444142 39.97 296.888029  -4.084186 25.437 -100.00 -100.00 -100.00
 205    27.414 56691.23444201 43.47 296.888926  -4.081685   -100 -100.00 -100.00 -100.00
 205    27.376 56691.23444261 37.75 296.889823  -4.079185 26.566 -100.00 -100.00 -100.00
 205    26.885 56691.23444320 44.54 296.890721  -4.076685   -100 -100.00 -100.00 -100.00
 206    28.147 56701.15008078 43.80 296.891202  -4.084294 26.234  257.16  268.22  260.44
 206    27.854 56701.15008137 47.08 296.892099  -4.081794   -100  257.16  268.22  260.44
 206    27.530 56701.15008196 50.10 296.892997  -4.079294   -100  257.16  268.22  260.44
 206    27.479 56701.15008255 54.24 296.893894  -4.076793 16.347  257.16  268.22  260.44
 207    27.757 56711.06571548 30.65 296.894884  -4.083948 18.010 -100.00 -100.00 -100.00
 207    27.653 56711.06571607 28.66 296.895782  -4.081447 13.422 -100.00 -100.00 -100.00
 207    28.320 56711.06571666 27.94 296.896679  -4.078947  9.550 -100.00 -100.00 -100.00
 208    27.363 56720.98135866 30.39 296.892793  -4.085606  7.721 -100.00 -100.00 -100.00
 208    27.709 56720.98135925 30.62 296.893690  -4.083105  7.373 -100.00 -100.00 -100.00
 208    25.173 56720.98135984 31.07 296.894588  -4.080605  7.860 -100.00 -100.00 -100.00
 208    25.556 56720.98136043 32.15 296.895485  -4.078104  9.227 -100.00 -100.00 -100.00
 209    28.073 56730.89701029 25.34 296.888440  -4.085006  7.471 -100.00 -100.00 -100.00
 209    28.173 56730.89701088 24.59 296.889337  -4.082506  6.606 -100.00 -100.00 -100.00
 209    28.372 56730.89701147 27.16 296.890235  -4.080005 11.719 -100.00 -100.00 -100.00
 209    29.051 56730.89701206 25.42 296.891132  -4.077505  7.794 -100.00 -100.00 -100.00
 209    29.007 56730.89701266 27.62 296.892030  -4.075004 10.102 -100.00 -100.00 -100.00
 211    29.548 56750.72830268 25.80 296.886710  -4.084498  7.523  257.85  269.04  263.90
 211    29.402 56750.72830327 24.83 296.887607  -4.081998  5.466  257.85  269.04  263.90
 211    29.447 56750.72830386 25.82 296.888505  -4.079497  6.958  257.85  269.04  263.90
 211    29.374 56750.72830445 26.73 296.889402  -4.076997  8.528  257.85  269.04  263.90
 211    29.516 56750.72830504 33.36 296.890299  -4.074496 21.978  257.85  269.04  263.90
 212    29.661 56760.64394178 24.21 296.889597  -4.085583  8.679 -100.00 -100.00 -100.00
 212    29.807 56760.64394237 23.52 296.890494  -4.083083  7.301 -100.00 -100.00 -100.00
 212    29.916 56760.64394296 23.54 296.891392  -4.080582  7.951 -100.00 -100.00 -100.00
 212    29.952 56760.64394355 27.94 296.892289  -4.078081 15.977 -100.00 -100.00 -100.00
 213    30.220 56770.55957454 23.60 296.894302  -4.085887  5.522  257.37  268.54  259.45
 213    30.094 56770.55957513 24.75 296.895199  -4.083387  6.549 -100.00 -100.00 -100.00
 213    30.248 56770.55957572 25.47 296.896097  -4.080886  7.614 -100.00 -100.00 -100.00
 213    30.278 56770.55957631 27.36 296.896994  -4.078386 10.352 -100.00 -100.00 -100.00
 214    30.331 56780.47522712 24.99 296.890877  -4.085685  8.784 -100.00 -100.00 -100.00
 214    30.492 56780.47522771 25.00 296.891775  -4.083184  8.350 -100.00 -100.00 -100.00
 214    30.542 56780.47522830 26.96 296.892672  -4.080684  9.396 -100.00 -100.00 -100.00
 214    30.888 56780.47522889 31.20 296.893569  -4.078183 20.037 -100.00 -100.00 -100.00
 215    31.148 56790.39088151 36.49 296.886491  -4.085263 20.251 -100.00 -100.00 -100.00
 215    31.068 56790.39088210 30.33 296.887388  -4.082762  6.420 -100.00 -100.00 -100.00
 215    30.959 56790.39088269 30.24 296.888285  -4.080262  5.653 -100.00 -100.00 -100.00
 215    30.908 56790.39088328 31.19 296.889183  -4.077762  8.260 -100.00 -100.00 -100.00
 215    31.286 56790.39088387 37.11 296.890080  -4.075261 19.010 -100.00 -100.00 -100.00
 216    31.569 56800.30653297 31.28 296.883626  -4.083333 20.176  252.11  264.51  255.85
 216    31.422 56800.30653356 30.45 296.884523  -4.080833 15.393 -100.00 -100.00 -100.00
 216    31.235 56800.30653415 30.07 296.885420  -4.078333 15.878 -100.00 -100.00 -100.00
 216    31.345 56800.30653474 32.65 296.886318  -4.075832 20.928 -100.00 -100.00 -100.00
 216    31.327 56800.30653533 37.11 296.887215  -4.073332   -100 -100.00 -100.00 -100.00
 217    31.953 56810.22217756 28.62 296.883730  -4.082957 10.863  247.57  260.08  252.35
 217    31.340 56810.22217815 30.89 296.884628  -4.080456 17.759  247.57  260.08  252.35
 217    31.368 56810.22217874 29.59 296.885525  -4.077956 13.272  247.57  260.08  252.35
 217    31.663 56810.22217933 32.09 296.886422  -4.075456 19.140  247.57  260.08  252.35
 217    31.660 56810.22217992 36.94 296.887319  -4.072956   -100  247.57  260.08  252.35
 219    32.261 56830.05345297 36.56 296.888858  -4.084493 19.017  250.13  262.25  256.02
 219    31.985 56830.05345356 31.13 296.889755  -4.081993  7.547  250.13  262.25  256.02
 219    31.877 56830.05345415 32.12 296.890652  -4.079492  9.077 -100.00 -100.00 -100.00
 219    32.063 56830.05345474 33.63 296.891550  -4.076992 11.680 -100.00 -100.00 -100.00
 220    31.893 56839.96908567 33.24 296.892244  -4.085768  8.576  251.37  263.65  257.07
 220    31.540 56839.96908626 33.25 296.893142  -4.083268  7.842  251.37  263.65  257.07
 220    31.526 56839.96908685 33.91 296.894039  -4.080768  9.267  251.37  263.65  257.07
 220    31.666 56839.96908744 34.21 296.894936  -4.078268  8.653  251.37  263.65  257.07
 221    31.577 56849.88472048 28.28 296.895705  -4.083836  8.713 -100.00 -100.00 -100.00
 221    31.556 56849.88472107 28.19 296.896602  -4.081336  7.065 -100.00 -100.00 -100.00
 221    31.786 56849.88472166 30.57 296.897499  -4.078836 11.500 -100.00 -100.00 -100.00
 222    31.543 56859.80037450 26.43 296.891551  -4.085110  5.716  253.51  264.83  258.35
 222    31.430 56859.80037509 27.28 296.892448  -4.082610  6.708  253.51  264.83  258.35
 222    31.479 56859.80037568 28.46 296.893345  -4.080110  9.444  253.51  264.83  258.35
 222    31.675 56859.80037627 29.62 296.894243  -4.077610  8.549  253.51  264.83  258.35
 223    30.933 56869.71602826 29.17 296.889596  -4.085067  6.984  256.82  267.22  262.87
 223    30.949 56869.71602885 30.29 296.890494  -4.082567  8.729 -100.00 -100.00 -100.00
 223    31.072 56869.71602944 30.25 296.891391  -4.080067  8.178 -100.00 -100.00 -100.00
 223    31.343 56869.71603003 31.30 296.892288  -4.077566  9.805 -100.00 -100.00 -100.00
 224    30.640 56879.63167950 26.50 296.888410  -4.085497  6.871  250.96  261.61  254.90
 224    30.566 56879.63168009 25.46 296.889307  -4.082997  5.218  250.96  261.61  254.90
 224    30.415 56879.63168068 26.14 296.890204  -4.080497  5.391  250.96  261.61  254.90
 224    30.561 56879.63168127 30.24 296.891102  -4.077997 11.851 -100.00 -100.00 -100.00
 224    30.632 56879.63168186 33.35 296.891999  -4.075497 17.258 -100.00 -100.00 -100.00
 225    29.480 56889.54732773 29.57 296.887802  -4.083437  7.225 -100.00 -100.00 -100.00
 225    29.423 56889.54732832 29.90 296.888699  -4.080937  8.314 -100.00 -100.00 -100.00
 225    29.926 56889.54732891 29.94 296.889596  -4.078437  7.611 -100.00 -100.00 -100.00
 225    29.964 56889.54732950 31.14 296.890493  -4.075937  9.439 -100.00 -100.00 -100.00
 226    29.229 56899.46297210 26.04 296.885235  -4.084851  9.241 -100.00 -100.00 -100.00
 226    29.439 56899.46297269 24.18 296.886133  -4.082351  4.796 -100.00 -100.00 -100.00
 226    29.565 56899.46297328 24.08 296.887030  -4.079851  4.465 -100.00 -100.00 -100.00
 226    29.861 56899.46297387 25.39 296.887927  -4.077351  6.909 -100.00 -100.00 -100.00
 226    30.002 56899.46297446 26.58 296.888824  -4.074851  7.828 -100.00 -100.00 -100.00
 227    28.448 56909.37861478 27.29 296.884094  -4.083094  6.090  251.08  260.89  253.13
 227    28.850 56909.37861537 26.59 296.884991  -4.080594  5.266  251.08  260.89  253.13
 227    29.000 56909.37861596 27.08 296.885888  -4.078094  5.360  251.08  260.89  253.13
 227    29.368 56909.37861655 28.19 296.886785  -4.075594  8.012  251.08  260.89  253.13
 227    29.771 56909.37861714 27.83 296.887682  -4.073094  6.392  251.08  260.89  253.13
 228    27.050 56919.29425536 32.71 296.884951  -4.083054 23.512  255.91  265.98  258.23
 228    28.816 56919.29425595 24.49 296.885848  -4.080554  6.735  255.91  265.98  258.23
 228    29.164 56919.29425654 26.82 296.886746  -4.078054  9.646  255.91  265.98  258.23
 228    29.422 56919.29425713 26.82 296.887643  -4.075555  8.723  255.91  265.98  258.23
 228    27.021 56919.29425772 33.88 296.888540  -4.073055 22.516 -100.00 -100.00 -100.00
 229    24.422 56929.20989394 30.26 296.888351  -4.083618  5.119  253.03  260.81  253.97
 229    24.944 56929.20989453 30.41 296.889248  -4.081118  5.609  253.03  260.81  253.97
 229    24.953 56929.20989512 31.78 296.890145  -4.078618  7.157  253.03  260.81  253.97
 229    25.022 56929.20989571 31.34 296.891042  -4.076118  5.822  253.03  260.81  253.97
 230    29.490 56939.12552818 19.64 296.893248  -4.084367  4.896  259.55  269.64  262.52
 230    29.317 56939.12552877 20.41 296.894145  -4.081867  5.140  259.55  269.64  262.52
 230    29.486 56939.12552936 21.49 296.895042  -4.079367  5.643  259.55  269.64  262.52
 230    29.541 56939.12552995 23.17 296.895939  -4.076867  7.466 -100.00 -100.00 -100.00
 231    22.862 56949.04116362 25.86 296.896681  -4.085269  5.998  255.45  265.59  260.36
 231    23.101 56949.04116421 27.02 296.897578  -4.082769  6.487  255.45  265.59  260.36
 231    21.243 56949.04116480 28.18 296.898475  -4.080269  9.134  255.45  265.59  260.36
 231    22.840 56949.04116539 27.31 296.899372  -4.077769  7.057  255.45  265.59  260.36
 232    23.375 56958.95681589 26.51 296.892429  -4.085964  7.211  258.30  268.74  262.45
 232    23.375 56958.95681648 27.00 296.893326  -4.083464  6.697  258.30  268.74  262.45
 232    23.434 56958.95681707 27.25 296.894223  -4.080963  7.061  258.30  268.74  262.45
 232    28.539 56958.95681766 27.90 296.895121  -4.078463  7.371  258.30  268.74  262.45
 233    28.075 56968.87246388 23.49 296.889817  -4.084228  5.352 -100.00 -100.00 -100.00
 233    28.026 56968.87246447 23.65 296.890714  -4.081728  5.329 -100.00 -100.00 -100.00
 233    28.497 56968.87246506 24.11 296.891612  -4.079228  6.204 -100.00 -100.00 -100.00
 233    29.006 56968.87246565 25.01 296.892509  -4.076728  6.197 -100.00 -100.00 -100.00
 234    24.152 56978.78810807 23.14 296.889333  -4.084101  6.778  258.47  268.12  262.83
 234    27.865 56978.78810866 23.58 296.890230  -4.081601  6.162  258.47  268.12  262.83
 234    28.479 56978.78810925 23.55 296.891127  -4.079101  6.191  258.47  268.12  262.83
 234    28.799 56978.78810984 25.03 296.892025  -4.076600  8.032  258.47  268.12  262.83
 235    24.000 56988.70374763 23.40 296.890669  -4.086076  7.452  260.55  269.86  264.92
 235    20.328 56988.70374822 24.25 296.891566  -4.083575  8.348  260.55  269.86  264.92
 235    28.427 56988.70374881 24.13 296.892464  -4.081075  8.090 -100.00 -100.00 -100.00
 235    24.295 56988.70374940 26.79 296.893361  -4.078575 12.604 -100.00 -100.00 -100.00
 236    27.362 56998.61938185 23.60 296.895594  -4.085228  5.341 -100.00 -100.00 -100.00
 236    28.738 56998.61938244 24.15 296.896491  -4.082728  5.642 -100.00 -100.00 -100.00
 236    28.636 56998.61938303 25.11 296.897389  -4.080228  6.805 -100.00 -100.00 -100.00
 236    29.073 56998.61938362 25.53 296.898286  -4.077728  6.035 -100.00 -100.00 -100.00
 237    29.916 57008.53503254 18.62 296.893720  -4.085313  4.353 -100.00 -100.00 -100.00
 237    29.846 57008.53503313 18.37 296.894617  -4.082813  3.908 -100.00 -100.00 -100.00
 237    29.070 57008.53503372 19.62 296.895515  -4.080313  5.630 -100.00 -100.00 -100.00
 237    29.319 57008.53503431 20.31 296.896412  -4.077812  5.132 -100.00 -100.00 -100.00
 238    26.712 57018.45068571 20.73 296.890402  -4.084408  4.600  257.03  267.11  258.36
 238    28.356 57018.45068630 20.59 296.891300  -4.081908  4.457  257.03  267.11  258.36
 238    28.610 57018.45068689 20.56 296.892197  -4.079408  4.816  257.03  267.11  258.36
 238    28.883 57018.45068748 22.97 296.893094  -4.076908  6.652  257.03  267.11  258.36
 239    28.400 57028.36633540 20.75 296.887964  -4.083765  6.201  255.67  265.85  257.50
 239    28.974 57028.36633600 20.08 296.888862  -4.081265  5.008  255.67  265.85  257.50
 239    28.742 57028.36633659 19.90 296.889759  -4.078765  5.355  255.67  265.85  257.50
 239    28.861 57028.36633718 20.88 296.890656  -4.076265  6.132  255.67  265.85  257.50
 240    27.511 57038.28198282 41.09 296.886601  -4.085127 19.396  255.98  266.56  258.42
 240    27.492 57038.28198341 44.18 296.887498  -4.082627 26.165  255.98  266.56  258.42
 240    27.358 57038.28198401 49.21 296.888396  -4.080126   -100  255.98  266.56  258.42
 240    27.188 57038.28198460 52.30 296.889293  -4.077626   -100 -100.00 -100.00 -100.00
 240    26.980 57038.28198519 54.14 296.890190  -4.075126   -100 -100.00 -100.00 -100.00
 241    28.010 57048.19762850 33.02 296.888196  -4.083842 21.557 -100.00 -100.00 -100.00
 241    27.659 57048.19762909 30.41 296.889093  -4.081342 17.695 -100.00 -100.00 -100.00
 241    27.604 57048.19762968 26.63 296.889990  -4.078841  9.121 -100.00 -100.00 -100.00
 241    28.182 57048.19763027 26.22 296.890888  -4.076341  7.992 -100.00 -100.00 -100.00
 242    28.577 57058.11326988 38.89 296.890339  -4.085234 21.897  256.58  268.76  262.98
 242    28.364 57058.11327047 37.41 296.891237  -4.082734 22.117 -100.00 -100.00 -100.00
 242    28.310 57058.11327106 36.39 296.892134  -4.080233 19.766 -100.00 -100.00 -100.00
 242    28.310 57058.11327165 37.87 296.893031  -4.077733 23.467 -100.00 -100.00 -100.00
 243    28.836 57068.02890598 30.08 296.892796  -4.085473 11.728  255.91  267.98  261.39
 243    28.609 57068.02890657 29.33 296.893693  -4.082973  8.936  255.91  267.98  261.39
 243    28.648 57068.02890716 29.28 296.894590  -4.080472  8.663  255.91  267.98  261.39
 243    28.385 57068.02890775 33.10 296.895488  -4.077972 17.688  255.91  267.98  261.39
 244    28.771 57077.94453838 26.96 296.895150  -4.084002  5.078  258.49  270.03  265.44
 244    28.784 57077.94453897 27.69 296.896047  -4.081501  6.514  258.49  270.03  265.44
 244    28.803 57077.94453956 27.44 296.896945  -4.079001  5.899 -100.00 -100.00 -100.00
 245    29.239 57087.86017185 26.75 296.896093  -4.085533  6.801  257.43  269.35  263.15
 245    29.029 57087.86017244 26.59 296.896990  -4.083033  6.476  257.43  269.35  263.15
 245    29.116 57087.86017303 27.29 296.897888  -4.080533  7.720  257.43  269.35  263.15
 245    29.114 57087.86017362 27.60 296.898785  -4.078032  7.131 -100.00 -100.00 -100.00
 246    29.781 57097.77583076 25.44 296.891738  -4.083797  5.846 -100.00 -100.00 -100.00
 246    29.499 57097.77583135 25.62 296.892635  -4.081296  4.833 -100.00 -100.00 -100.00
 246    29.591 57097.77583194 26.20 296.893532  -4.078796  6.109 -100.00 -100.00 -100.00
 246    29.763 57097.77583253 27.62 296.894430  -4.076295  8.035 -100.00 -100.00 -100.00
 247    30.266 57107.69148632 26.29 296.888970  -4.084798  4.883 -100.00 -100.00 -100.00
 247    30.108 57107.69148691 26.33 296.889868  -4.082297  4.805 -100.00 -100.00 -100.00
 247    30.231 57107.69148750 26.79 296.890765  -4.079796  5.200 -100.00 -100.00 -100.00
 247    30.277 57107.69148809 29.08 296.891662  -4.077296  7.743 -100.00 -100.00 -100.00
 248    30.155 57117.60713745 27.21 296.889452  -4.083895 12.060  257.85  268.36  260.02
 248    30.518 57117.60713804 27.73 296.890350  -4.081394 13.583  257.85  268.36  260.02
 248    30.603 57117.60713863 31.08 296.891247  -4.078894 22.713 -100.00 -100.00 -100.00
 248    30.715 57117.60713922 34.20 296.892144  -4.076393 32.200 -100.00 -100.00 -100.00
 249    30.686 57127.52278188 26.15 296.889378  -4.084481  8.346 -100.00 -100.00 -100.00
 249    30.682 57127.52278247 26.02 296.890275  -4.081980  9.064 -100.00 -100.00 -100.00
 249    30.968 57127.52278306 27.98 296.891173  -4.079480 11.578 -100.00 -100.00 -100.00
 249    30.931 57127.52278365 34.07 296.892070  -4.076979 27.225 -100.00 -100.00 -100.00
 250    30.869 57137.43842077 31.12 296.889514  -4.084147  6.276 -100.00 -100.00 -100.00
 250    31.040 57137.43842136 31.13 296.890411  -4.081646  6.082 -100.00 -100.00 -100.00
 250    31.072 57137.43842195 32.02 296.891309  -4.079146  7.174 -100.00 -100.00 -100.00
 250    31.522 57137.43842254 33.64 296.892206  -4.076645  9.672 -100.00 -100.00 -100.00
