#    0.000   0.000   0.000 ;Mean Elev.(m), Avg Gradient(m/km), RMS Gradient(m/km) - SRTM1     
#    0.000   0.000   0.000 ;Mean Elev.(m), Avg Gradient(m/km), RMS Gradient(m/km) - ASTER GDEM
#   54.016  -1.048   7.559 ;Mean Elev.(m), Avg Gradient(m/km), RMS Gradient(m/km) - GMTED2010 
   2 291.468565  -3.400347    53.287    53.244  4 54672.42531999 48.221
   3 291.467090  -3.401485    25.155    25.608  5 54682.34096281 15.857
   4 291.469294  -3.400146    50.977    51.084  5 54692.25660522 49.662
   7 291.470798  -3.399588     2.367    12.882  5 54722.00354364 20.384
   8 291.465918  -3.400471    51.330    51.298  4 54731.91919166 46.275
   9 291.461549  -3.402082    51.441    51.448  3 54741.83483829 47.191
  10 291.460220  -3.402151    52.500    52.335  4 54751.75048550 24.131
  11 291.460593  -3.402074    52.665    53.273  3 54761.66613271 26.935
  12 291.461650  -3.402347    51.582    51.470  4 54771.58177747 36.953
  13 291.463179  -3.401171    52.840    52.849  4 54781.49741935 43.251
  14 291.463833  -3.402505    53.399    53.291  4 54791.41305782 43.848
  17 291.470561  -3.399915    54.095    54.136  5 54821.15997398 45.295
  18 291.468543  -3.400610    53.202    53.233  4 54831.07562573 47.001
  19 291.465381  -3.401169    52.028    51.956  4 54840.99126414 37.022
  20 291.461717  -3.401158    55.494    55.501  4 54850.90691308 31.531
  21 291.458751  -3.402316    56.747    56.676  3 54860.82256163 41.747
  22 291.457830  -3.401945    57.359    57.322  3 54870.73821079 45.167
  23 291.458590  -3.401378    57.724    57.663  3 54880.65385873 34.544
  24 291.459488  -3.402332    57.983    57.961  3 54890.56950297 46.885
  25 291.459110  -3.402453    58.460    58.315  3 54900.48514401 45.788
  26 291.458093  -3.402201    58.811    58.651  3 54910.40078272 48.146
  27 291.458172  -3.402348    58.608    58.613  4 54920.31641996 39.848
  28 291.461072  -3.401731    58.741    58.616  4 54930.23205711 47.279
  29 291.465711  -3.401482    58.509    58.507  4 54940.14769317 34.187
  30 291.470550  -3.400438    58.780    58.716  5 54950.06332784 49.300
  31 291.472252  -3.399694    58.891    58.905  5 54959.97896688 42.453
  32 291.469627  -3.400224    58.913    58.842  5 54969.89461502 34.925
  33 291.467490  -3.401476    58.954    58.920  4 54979.81026213 44.422
  34 291.466449  -3.401392    59.155    59.105  4 54989.72590944 30.716
  35 291.465517  -3.401516    58.320    58.321  4 54999.64155671 32.612
  36 291.465008  -3.400822    58.027    57.996  4 55009.55720226 32.728
  37 291.464582  -3.401228    57.526    57.368  4 55019.47284572 47.695
  38 291.464333  -3.401114    56.709    56.703  4 55029.38848781 31.433
  39 291.464051  -3.402372    56.195    56.208  4 55039.30412887 50.594
  40 291.466615  -3.401432    55.198    55.264  5 55049.21976931 30.728
  41 291.470046  -3.400844    54.697    54.857  5 55059.13540771 27.437
  42 291.472086  -3.399654    53.488    53.144  5 55069.05104736 34.812
  43 291.468793  -3.400394    51.929    51.975  4 55078.96669656 50.039
  44 291.464722  -3.400836    50.782    50.873  4 55088.88234396 48.198
  45 291.461390  -3.402119    51.595    50.281  3 55098.79799016 30.525
  46 291.460993  -3.401523    50.300    50.327  3 55108.71363656 47.513
  47 291.462180  -3.401209    51.020    51.013  4 55118.62928195 39.349
  48 291.462941  -3.402097    52.783    53.076  4 55128.54492458 25.675
  49 291.463348  -3.401472    52.948    53.161  3 55138.46056521 22.922
  50 291.463582  -3.401752    50.445    50.397  4 55148.37620388 49.210
  51 291.465679  -3.400906    50.228    50.237  4 55158.29184219 30.794
  52 291.468110  -3.401380    52.777    52.812  4 55168.20748002 47.867
  53 291.470875  -3.401005    55.201    55.234  5 55178.12311730 38.107
  54 291.470428  -3.400383    56.120    56.128  5 55188.03876219 32.536
  55 291.466405  -3.401111    56.816    56.783  5 55197.95441262 51.315
  56 291.462989  -3.401481    56.594    56.590  3 55207.87006241 41.116
  57 291.461404  -3.401668    55.381    55.392  3 55217.78571199 30.297
  58 291.460298  -3.402516    55.099    55.233  3 55227.70136080 28.347
  59 291.460136  -3.402395    55.432    55.448  3 55237.61700692 33.834
  60 291.460493  -3.401264    56.314    56.256  3 55247.53264962 48.558
  61 291.459314  -3.402375    55.853    55.835  4 55257.44828896 39.610
  62 291.459085  -3.402454    55.906    55.701  4 55267.36392734 41.832
  63 291.460661  -3.401546    56.561    56.421  3 55277.27956537 51.180
  64 291.464374  -3.400483    56.534    56.577  4 55287.19520244 38.179
  65 291.468915  -3.400639    56.917    56.704  5 55297.11083706 51.212
  66 291.470099  -3.400274    57.379    57.295  5 55307.02647806 34.834
  67 291.467281  -3.401174    57.657    57.594  4 55316.94212398 44.132
  68 291.465561  -3.400234    57.488    57.466  4 55326.85776942 33.515
  69 291.464704  -3.401640    57.216    57.183  4 55336.77341367 29.359
  70 291.465962  -3.400221    57.170    57.168  4 55346.68905818 41.815
  71 291.466168  -3.401394    56.755    56.797  5 55356.60470065 36.268
  72 291.466456  -3.400623    56.270    56.232  4 55366.52034129 48.080
  73 291.466870  -3.400335    54.283    54.083  4 55376.43598020 45.421
  74 291.468276  -3.400774    53.061    52.960  5 55386.35161791 46.138
  75 291.470549  -3.401637    53.112    52.814  5 55396.26725464 32.116
  77 291.470816  -3.401495    50.849    50.842  5 55416.09854641 47.911
  78 291.468145  -3.400799    50.095    50.126  5 55426.01419398 46.538
  79 291.465402  -3.400943    49.210    49.030  4 55435.92983899 31.819
  80 291.463034  -3.402156    48.167    46.767  4 55445.84548283 31.825
  81 291.462968  -3.401094    53.375    53.444  4 55455.76112682 19.117
  82 291.464115  -3.401340    47.116    47.156  4 55465.67676995 38.144
  83 291.466472  -3.401553    50.305    50.902  4 55475.59241019 25.782
  84 291.468706  -3.401028    52.084    52.855  4 55485.50804736 22.764
  85 291.469615  -3.401226    47.194    47.061  5 55495.42368192 40.700
  86 291.470768  -3.401511    47.360    47.329  5 55505.33931593 37.038
  87 291.468826  -3.400575    49.513    49.488  5 55515.25496626 38.351
  88 291.468070  -3.401227    50.937    50.963  5 55525.17061552 41.703
  89 291.467248  -3.401102    50.562    50.567  4 55535.08626302 44.915
  90 291.465431  -3.401224    52.695    52.682  5 55545.00190858 23.363
  91 291.463253  -3.401361    50.895    50.895  3 55554.91755244 38.814
  92 291.462271  -3.401169    54.252    54.974  4 55564.83319578 28.777
  93 291.463713  -3.401206    53.400    53.154  4 55574.74883874 30.298
  94 291.465870  -3.401558    54.024    53.917  4 55584.66448014 27.934
  95 291.468089  -3.401410    54.239    54.601  5 55594.58011815 25.752
  96 291.469360  -3.401587    53.570    53.548  5 55604.49575249 49.278
  97 291.471135  -3.400463    54.150    54.162  4 55614.41138474 35.305
  98 291.471923  -3.399739    54.424    54.399  5 55624.32702332 44.109
  99 291.469433  -3.400045    55.364    55.430  5 55634.24267508 41.092
 100 291.468245  -3.401003    55.829    55.844  4 55644.15832460 48.405
 101 291.467909  -3.400881    56.642    56.626  4 55654.07397163 49.216
 102 291.467349  -3.400807    57.288    57.316  4 55663.98961430 40.812
 103 291.466157  -3.401194    57.977    57.912  4 55673.90525408 37.497
 104 291.465925  -3.401335    58.372    58.389  5 55683.82089271 35.803
 105 291.468342  -3.400856    58.523    58.558  5 55693.73653045 46.430
 106 291.472117  -3.401232    58.377    58.367  4 55703.65216663 33.943
 108 291.470005  -3.399963    57.888    57.888  5 55723.48346102 39.653
 109 291.466779  -3.400366    57.578    57.485  4 55733.39910753 45.614
 110 291.465227  -3.400451    56.217    56.184  4 55743.31475279 35.118
 111 291.465057  -3.401768    55.766    55.648  4 55753.23039654 41.395
 112 291.467536  -3.400928    55.862    55.614  4 55763.14603868 50.476
 113 291.469583  -3.400612    54.473    54.418  4 55773.06167799 49.100
 114 291.470294  -3.400629    52.645    52.576  5 55782.97731385 45.432
 115 291.471118  -3.401029    50.843    50.881  5 55792.89294745 43.072
 117 291.471719  -3.400197    47.404    47.428  5 55812.72423321 38.781
 118 291.471135  -3.400835    47.867    47.872  5 55822.63988169 40.543
 119 291.471678  -3.400435    49.898    49.091  5 55832.55552565 40.718
 120 291.471923  -3.400733    51.632    51.639  5 55842.47116487 47.746
 121 291.472219  -3.400762    52.303    51.991  5 55852.38680085 36.545
 123 291.469692  -3.401358    50.093    50.154  5 55872.21808895 47.232
 133 291.464664  -3.401276    58.009    57.929  4 55971.37452956 33.914
 134 291.467163  -3.400631    58.193    58.176  5 55981.29016561 48.241
 135 291.471655  -3.400329    58.406    58.326  5 55991.20580046 44.974
 136 291.472332  -3.399944    58.503    58.538  5 56001.12144603 38.446
 137 291.469933  -3.400138    58.872    58.606  5 56011.03709566 39.322
 138 291.467339  -3.400570    59.025    59.008  4 56020.95274160 47.924
 139 291.464937  -3.401348    59.482    59.501  4 56030.86838478 48.753
 141 291.466284  -3.401357    59.530    59.523  5 56050.69966607 48.924
 142 291.470117  -3.399968    59.388    59.372  5 56060.61530344 36.098
 144 291.469619  -3.401353    58.942    58.904  5 56080.44659070 47.556
 145 291.466822  -3.401033    58.675    58.587  5 56090.36223815 51.540
 146 291.465626  -3.401432    57.651    57.551  4 56100.27788302 50.116
 147 291.466313  -3.401223    54.834    54.826  4 56110.19351408 52.336
 148 291.468603  -3.400926    54.477    54.557  5 56120.10915379 48.756
 149 291.471435  -3.401001    53.895    53.920  5 56130.02478995 48.436
 151 291.469645  -3.400909    52.916    53.566  4 56149.85607362 27.912
 152 291.467565  -3.401087    49.164    49.012  5 56159.77172284 48.353
 153 291.467407  -3.400948    48.956    48.945  4 56169.68737093 38.866
 154 291.468046  -3.400852    50.589    49.729  5 56179.60301552 33.039
 155 291.468427  -3.401073    53.838    53.448  4 56189.51865575 22.583
 156 291.468991  -3.400533    53.777    53.368  5 56199.43429284 21.637
 157 291.470449  -3.401590    49.916    49.844  5 56209.34992683 42.736
 160 291.471791  -3.399290    50.665    50.698  5 56239.09686047 46.438
 161 291.468732  -3.401253    52.751    53.154  5 56249.01250962 20.353
 162 291.467543  -3.401094    51.882    51.909  5 56258.92815473 27.408
 163 291.467432  -3.400371    53.088    53.037  4 56268.84379740 22.960
 164 291.467691  -3.400679    52.998    53.059  4 56278.75943830 21.145
 165 291.465376  -3.401919    54.096    54.064  4 56288.67508831 36.226
 166 291.464435  -3.400647    55.872    55.860  4 56298.59073777 49.526
 167 291.463358  -3.400801    57.024    57.052  4 56308.50638281 39.563
 168 291.462221  -3.402273    57.622    57.531  4 56318.42202473 45.241
 169 291.462467  -3.402011    57.664    57.725  4 56328.33766564 36.218
 170 291.464667  -3.401673    57.799    57.793  4 56338.25330561 49.527
 171 291.468494  -3.401219    58.087    58.064  5 56348.16894381 50.209
 172 291.472414  -3.400200    58.310    58.219  5 56358.08457937 46.216
 173 291.468726  -3.400598    58.566    58.572  4 56368.00022859 44.651
 175 291.462456  -3.401737    58.891    58.884  4 56387.83152167 49.814
 176 291.463009  -3.402423    58.862    58.738  4 56397.74716529 34.531
 177 291.465548  -3.401445    58.990    58.965  4 56407.66280701 38.792
 178 291.468661  -3.400575    58.943    58.833  5 56417.57844471 33.616
 179 291.472605  -3.399584    58.879    58.907  5 56427.49407758 48.134
 180 291.468033  -3.400378    58.337    58.320  4 56437.40972949 37.106
 181 291.464129  -3.401945    57.758    57.683  4 56447.32537975 32.493
 182 291.462927  -3.402519    57.528    57.508  4 56457.24102813 49.282
 183 291.463058  -3.402308    57.157    57.101  4 56467.15667359 44.587
 184 291.463902  -3.402377    56.771    56.793  4 56477.07231512 46.883
 185 291.465743  -3.401356    56.045    56.064  4 56486.98795345 43.779
 187 291.470655  -3.400795    54.080    54.043  5 56506.81922416 43.768
 189 291.470816  -3.405096    53.475    53.475  2 56526.65051393 29.873
 190 291.470151  -3.401443    53.141    52.987  5 56536.56616523 37.480
 192 291.464983  -3.400653    50.503    50.458  4 56556.39745525 44.034
 193 291.464497  -3.401174    50.658    50.613  4 56566.31309750 41.030
 194 291.466338  -3.401710    50.550    50.546  4 56576.22873859 32.116
 195 291.470455  -3.401168    52.316    52.183  5 56586.14437689 43.662
 197 291.469264  -3.400900    52.699    52.576  5 56605.97566758 39.427
 198 291.465942  -3.401400    53.245    53.212  4 56615.89131497 45.473
 199 291.465568  -3.400578    53.952    53.961  4 56625.80695956 23.887
 200 291.466513  -3.401139    54.512    54.672  5 56635.72260130 26.574
 201 291.469303  -3.400679    54.793    54.789  4 56645.63824152 27.861
 202 291.466151  -3.401196    54.867    54.902  5 56655.55389418 46.869
 203 291.463499  -3.401634    54.111    54.106  4 56665.46954239 41.104
 205 291.461978  -3.401860    56.676    56.600  3 56685.30083192 42.084
 206 291.463963  -3.402036    56.861    56.824  4 56695.21647414 33.889
 207 291.468180  -3.401393    56.896    56.913  5 56705.13211225 49.772
 209 291.467301  -3.400929    57.242    57.198  5 56724.96339665 42.567
 211 291.460282  -3.402275    57.954    57.981  3 56744.79469264 36.926
 212 291.462910  -3.401436    58.227    58.148  3 56754.71033560 35.612
 213 291.467828  -3.401397    58.531    58.512  4 56764.62597298 36.527
 214 291.470953  -3.400890    58.573    58.509  5 56774.54161017 37.002
 215 291.465037  -3.401278    58.880    58.823  5 56784.45726634 35.773
 216 291.459554  -3.402459    58.963    58.923  3 56794.37291850 44.836
 217 291.456734  -3.403231    58.734    58.665  3 56804.28856731 39.183
 219 291.462335  -3.402429    58.383    58.352  4 56824.11984845 44.155
 220 291.466332  -3.400874    58.154    58.304  4 56834.03548374 45.091
 221 291.469988  -3.400604    57.453    57.283  4 56843.95111554 49.100
 222 291.469695  -3.400273    56.188    56.194  5 56853.86675880 32.073
 223 291.466281  -3.401164    55.113    55.129  5 56863.78241241 28.105
 224 291.464682  -3.400488    53.709    53.635  4 56873.69806595 42.520
 225 291.463258  -3.401631    52.820    52.495  3 56883.61371593 41.775
 226 291.462286  -3.401922    52.761    52.767  4 56893.52936272 37.897
 227 291.460770  -3.401473    53.338    53.408  4 56903.44500618 34.034
 228 291.459140  -3.401728    50.781    50.826  3 56913.36064730 47.532
 229 291.460195  -3.402103    51.023    50.749  3 56923.27628682 48.805
 230 291.464238  -3.402537    51.366    51.282  4 56933.19192421 46.728
 231 291.471408  -3.399861    54.111    54.253  5 56943.10755731 26.683
 232 291.471660  -3.400842    53.292    53.276  5 56953.02320258 37.418
 233 291.467657  -3.401314    54.670    54.336  5 56962.93885283 24.630
 234 291.464770  -3.400797    52.812    52.828  4 56972.85449882 38.407
 235 291.464403  -3.401664    53.672    53.540  4 56982.77014068 39.056
 236 291.468169  -3.400409    54.110    54.162  5 56992.68577874 45.379
 238 291.468154  -3.401456    55.835    55.733  5 57012.51707167 36.671
 239 291.464723  -3.401512    56.526    56.560  4 57022.43272294 50.119
 240 291.462393  -3.402379    56.945    56.968  4 57032.34837109 36.028
 241 291.462634  -3.401562    57.271    57.294  3 57042.26401750 34.495
 242 291.464245  -3.400918    57.694    57.662  4 57052.17966181 42.277
 243 291.466451  -3.401877    58.109    58.119  4 57062.09530154 42.430
 244 291.469539  -3.400822    58.417    58.250  5 57072.01093655 43.526
 245 291.472182  -3.400876    58.397    58.357  5 57081.92656748 35.446
 246 291.470080  -3.401513    58.532    58.478  5 57091.84221239 34.581
 247 291.465607  -3.400855    58.568    58.522  4 57101.75786985 43.441
 248 291.463825  -3.401093    58.880    58.881  4 57111.67352386 39.786
 249 291.464029  -3.402454    59.132    59.109  4 57121.58917192 38.953
 250 291.465356  -3.400172    59.425    59.425  4 57131.50481496 37.765
