#    0.000   0.000   0.000 ;Mean Elev.(m), Avg Gradient(m/km), RMS Gradient(m/km) - SRTM1     
#    0.000   0.000   0.000 ;Mean Elev.(m), Avg Gradient(m/km), RMS Gradient(m/km) - ASTER GDEM
#   65.238  -1.134   5.169 ;Mean Elev.(m), Avg Gradient(m/km), RMS Gradient(m/km) - GMTED2010 
   1 289.875404  -4.033841    65.445    65.061 16 54663.01891864 38.598
   2 289.872799  -4.032365    65.679    64.865 17 54672.93456260 28.757
   3 289.869743  -4.027281    14.520    14.535 14 54682.85020460 11.709
   4 289.873211  -4.032869    62.740    62.574 17 54692.76584835 36.918
   5 289.877483  -4.034774    13.430    13.424 15 54702.68148914 10.841
   6 289.877397  -4.034345    60.662    60.479 15 54712.59713808 39.846
   7 289.874259  -4.032727    13.918    13.938 17 54722.51278868  5.476
   8 289.866215  -4.022538    63.410    63.403 13 54732.42843443 49.212
   9 289.860628  -4.017283   126.049   125.709 12 54742.34407963 24.523
  10 289.858845  -4.015332    66.113    66.138 12 54752.25972543 25.677
  11 289.860388  -4.017248    63.208    63.233 12 54762.17537194 50.646
  12 289.863085  -4.019818    63.459    63.418 13 54772.09101622 54.266
  13 289.865354  -4.021984   128.939   128.776 13 54782.00665748 10.140
  14 289.867335  -4.024065    64.534    64.443 13 54791.92229644 28.861
  17 289.875487  -4.033892    64.857    64.848 16 54821.66921665 31.978
  18 289.872473  -4.031560    63.918    63.899 17 54831.58486870 33.167
  19 289.866553  -4.024015    64.321    64.303 13 54841.50050593 43.345
  20 289.860393  -4.017088    67.521    67.535 12 54851.41615332 42.454
  21 289.856608  -4.013535    68.484    68.499 12 54861.33180099 46.144
  22 289.855251  -4.012317    69.125    69.110 11 54871.24744916 54.728
  23 289.856780  -4.013974    69.590    69.585 11 54881.16309647 54.244
  24 289.859589  -4.017095    70.095    70.107 12 54891.07874087 52.124
  25 289.859720  -4.017185    70.094    70.095 12 54900.99438150 38.596
  26 289.857793  -4.014729    70.234    70.237 11 54910.91001980 36.853
  27 289.857072  -4.013501    70.231    70.160 12 54920.82565751 39.138
  28 289.860688  -4.017451    70.183    70.204 12 54930.74129634 40.153
  29 289.867209  -4.023534    70.285    70.292 13 54940.65693463 46.037
  30 289.875347  -4.033882    70.498    70.518 16 54950.57257227 39.173
  31 289.876661  -4.034738    70.782    70.794 15 54960.48821280 42.293
  32 289.873025  -4.031917    70.609    70.631 16 54970.40386055 36.943
  33 289.869740  -4.027519    70.532    70.529 14 54980.31950650 53.759
  34 289.867512  -4.023804    70.375    70.366 13 54990.23515223 49.942
  35 289.867049  -4.024411    69.924    69.927 13 55000.15079878 53.236
  36 289.865687  -4.022321    68.819    68.676 13 55010.06644289 36.521
  37 289.865346  -4.021859    68.077    68.034 13 55019.98208589 34.946
  38 289.865241  -4.022532    67.648    67.650 13 55029.89772812 32.940
  39 289.864963  -4.021743    67.231    67.086 12 55039.81336962 30.387
  40 289.868117  -4.024799    66.262    66.377 13 55049.72901110 31.007
  41 289.874047  -4.032781    66.569    66.824 16 55059.64465181 29.101
  42 289.875832  -4.033833    64.809    65.062 15 55069.56029261 37.966
  43 289.871826  -4.030576    64.434    63.874 17 55079.47594134 32.100
  44 289.865015  -4.021826    62.027    61.961 13 55089.39158647 49.106
  45 289.860645  -4.017220    64.995    65.311 12 55099.30723119 29.588
  46 289.860110  -4.017061    62.280    62.253 13 55109.22287649 42.460
  47 289.862414  -4.019208    65.453    65.553 13 55119.13852116 31.923
  48 289.865439  -4.022808    63.134    63.132 13 55129.05416377 48.822
  49 289.865901  -4.022342    64.590    64.385 13 55138.96980339 31.615
  50 289.866216  -4.022509    63.677    64.348 13 55148.88544208 28.522
  51 289.868542  -4.025211    64.035    63.374 14 55158.80108143 27.910
  52 289.873415  -4.032663    65.205    64.970 17 55168.71672188 34.997
  53 289.876105  -4.033716    67.328    67.389 16 55178.63236003 28.036
  54 289.874430  -4.032389    67.875    67.811 16 55188.54800572 30.850
  55 289.867634  -4.024600    68.299    68.327 14 55198.46365475 37.197
  56 289.862576  -4.019603    67.839    67.837 13 55208.37930335 50.142
  57 289.860380  -4.017282    67.084    67.104 13 55218.29495199 29.897
  58 289.859605  -4.016426    66.053    66.074 12 55228.21060006 48.293
  59 289.859775  -4.016176    67.141    67.169 12 55238.12624531 43.121
  60 289.860648  -4.017705    67.322    67.297 13 55248.04188738 30.760
  61 289.859742  -4.016781    67.365    67.381 12 55257.95752652 31.119
  62 289.859374  -4.016431    67.464    67.464 12 55267.87316526 30.855
  63 289.860463  -4.017098    67.786    67.763 12 55277.78880414 31.980
  64 289.864976  -4.021767    67.914    67.872 13 55287.70444306 34.595
  65 289.873020  -4.032316    68.384    68.406 17 55297.62008115 33.089
  66 289.873764  -4.032298    68.821    68.812 16 55307.53572354 35.972
  67 289.869039  -4.026013    68.810    68.803 14 55317.45136853 36.764
  68 289.865329  -4.021655    68.633    68.527 13 55327.36701254 35.005
  69 289.864884  -4.021688    68.618    68.587 13 55337.28265658 34.311
  70 289.866162  -4.022901    68.409    68.423 13 55347.19830039 52.116
  71 289.867572  -4.024272    67.728    67.725 13 55357.11394265 48.850
  72 289.867726  -4.024177    66.936    66.925 13 55367.02958247 47.846
  73 289.868541  -4.025452    65.137    65.148 13 55376.94522127 28.969
  74 289.871956  -4.031152    65.361    65.460 16 55386.86086057 26.934
  75 289.874816  -4.032374    64.252    63.296 16 55396.77649822 29.664
  76 289.877582  -4.034458    64.203    63.595 15 55406.69214132 33.997
  77 289.874814  -4.032737    62.657    62.241 16 55416.60779207 34.197
  78 289.870256  -4.028063    61.447    61.457 15 55426.52343876 40.678
  79 289.865349  -4.021665    60.643    59.310 13 55436.43908217 31.565
  80 289.863038  -4.019949    64.428    65.062 12 55446.35472522 27.011
  81 289.862709  -4.019412    59.850    59.816 12 55456.27036791 54.681
  82 289.864967  -4.021529    59.736    59.745 13 55466.18601059 52.616
  83 289.869720  -4.026890    60.040    59.730 14 55476.10165105 29.328
  84 289.874515  -4.033068    58.618    58.614 16 55486.01728856 45.483
  85 289.876377  -4.034407    59.202    59.181 16 55495.93292288 34.368
  86 289.877355  -4.034816    61.011    59.864 16 55505.84855793 30.893
  87 289.873959  -4.033096    61.454    61.319 16 55515.76420821 35.052
  88 289.872597  -4.032064    62.779    62.760 16 55525.67985806 41.101
  89 289.869914  -4.027707    63.345    62.828 14 55535.59550515 27.796
  90 289.866187  -4.022451    65.286    64.900 13 55545.51114988 24.869
  91 289.863023  -4.019769    65.124    65.039 13 55555.42679317 24.884
  92 289.861429  -4.018057    64.821    64.116 13 55565.34243564 30.095
  93 289.864205  -4.021105    64.586    64.535 13 55575.25807864 53.024
  94 289.868399  -4.025141    65.908    65.416 14 55585.17372019 26.119
  95 289.874061  -4.033238    65.352    65.905 16 55595.08935933 27.644
  96 289.875955  -4.033868    65.232    65.233 16 55605.00499335 47.823
  97 289.877880  -4.035519    66.140    66.166 15 55614.92062577 29.813
  98 289.877371  -4.034445    66.715    66.822 15 55624.83626553 32.239
  99 289.874247  -4.033232    67.235    67.235 16 55634.75191789 36.287
 100 289.872543  -4.031759    67.776    67.763 16 55644.66756819 29.923
 101 289.870753  -4.028720    68.523    68.501 15 55654.58321537 35.020
 102 289.868952  -4.025719    69.438    69.454 14 55664.49885794 44.252
 103 289.867173  -4.023631    70.171    70.164 13 55674.41449744 54.218
 104 289.866930  -4.023180    70.393    70.445 13 55684.33013546 40.869
 105 289.871611  -4.030072    70.744    70.746 16 55694.24577396 54.612
 106 289.877187  -4.034484    70.277    70.269 16 55704.16141053 39.477
 107 289.877718  -4.034839    69.850    69.795 15 55714.07705610 53.147
 108 289.874300  -4.033182    69.184    69.163 16 55723.99270401 44.053
 109 289.868255  -4.024838    68.000    67.981 14 55733.90834856 34.715
 110 289.865332  -4.021533    66.783    66.749 13 55743.82399337 32.860
 111 289.865983  -4.023040    66.764    66.745 13 55753.73963824 34.419
 112 289.869057  -4.025564    66.646    66.570 14 55763.65528134 33.703
 113 289.873690  -4.032785    65.060    65.074 17 55773.57092277 33.400
 114 289.874689  -4.033344    63.254    63.256 16 55783.48655909 39.386
 115 289.875672  -4.033395    61.855    61.858 16 55793.40219255 45.537
 116 289.878093  -4.035332    59.976    59.943 15 55803.31782839 45.632
 117 289.876529  -4.034452    59.739    59.700 16 55813.23347737 37.565
 118 289.876497  -4.033938    60.122    60.129 15 55823.14912464 44.709
 119 289.877972  -4.035641    61.773    61.365 15 55833.06476774 41.890
 120 289.878336  -4.034756    63.414    63.425 15 55842.98040605 31.298
 121 289.879226  -4.036046    63.824    63.721 15 55852.89604210 25.252
 122 289.879998  -4.036249    62.207    61.871 15 55862.81167785 32.854
 123 289.874832  -4.032927    62.435    62.459 16 55872.72733134 32.135
 133 289.867568  -4.024270    69.519    69.490 14 55971.88376853 39.270
 134 289.871322  -4.029852    69.752    69.726 15 55981.79940656 36.029
 135 289.877156  -4.034856    69.735    69.765 15 55991.71504334 34.667
 136 289.877126  -4.034829    69.988    69.987 16 56001.63069067 37.914
 137 289.873968  -4.032986    70.600    70.648 17 56011.54634065 40.488
 138 289.868869  -4.026181    71.216    71.240 13 56021.46198555 30.444
 139 289.865470  -4.022801    71.477    71.474 13 56031.37762804 42.571
 141 289.867527  -4.024190    71.399    71.384 14 56051.20890830 54.520
 142 289.874455  -4.033626    71.073    71.052 16 56061.12454666 43.483
 143 289.877728  -4.034238    70.738    70.678 15 56071.04018447 50.295
 144 289.874375  -4.033500    70.072    70.093 16 56080.95583423 38.207
 145 289.868565  -4.025350    69.183    69.177 14 56090.87147983 39.254
 146 289.866619  -4.023302    67.472    67.492 13 56100.78712480 35.383
 147 289.867307  -4.024061    65.831    65.875 13 56110.70275660 29.446
 148 289.871695  -4.030289    65.836    65.845 16 56120.61839819 31.730
 149 289.875929  -4.033837    64.767    64.529 16 56130.53403556 35.349
 150 289.878817  -4.035985    63.723    63.695 15 56140.44966993 33.266
 151 289.873437  -4.032287    62.143    62.157 17 56150.36531942 50.569
 152 289.869931  -4.027984    60.660    60.656 14 56160.28096685 49.096
 153 289.869987  -4.027884    60.699    60.670 14 56170.19661380 53.148
 154 289.872474  -4.031413    62.064    62.060 17 56180.11225788 54.905
 155 289.873911  -4.032707    61.488    60.393 17 56190.02789740 34.878
 156 289.874797  -4.033626    60.791    60.247 16 56199.94353399 32.373
 157 289.876963  -4.035032    62.537    61.293 16 56209.85916863 31.067
 158 289.880954  -4.037681    62.553    62.573 14 56219.77480215 40.871
 159 289.878910  -4.035677    62.439    62.424 15 56229.69045079 31.698
 160 289.875451  -4.033025    62.173    62.073 16 56239.60610389 34.966
 161 289.872580  -4.031805    62.143    62.162 16 56249.52175342 43.370
 162 289.869744  -4.027127    63.440    63.465 14 56259.43739731 34.677
 163 289.869368  -4.026638    64.305    64.307 14 56269.35303930 52.926
 164 289.871224  -4.029915    64.736    64.708 15 56279.26868034 46.959
 165 289.867269  -4.023633    66.236    66.264 13 56289.18432895 48.582
 166 289.866452  -4.024015    67.977    67.982 13 56299.09997724 51.518
 167 289.865649  -4.023216    68.687    68.701 13 56309.01562134 36.411
 168 289.864608  -4.021420    68.962    68.977 13 56318.93126302 35.234
 169 289.864275  -4.020866    69.052    69.083 13 56328.84690425 36.463
 170 289.866794  -4.023659    68.913    68.883 13 56338.76254572 35.430
 171 289.872793  -4.031444    69.171    69.174 17 56348.67818661 37.079
 172 289.877131  -4.034085    69.613    69.670 15 56358.59382336 34.641
 173 289.872103  -4.030937    70.200    70.207 17 56368.50947332 41.545
 175 289.861568  -4.018487    70.635    70.659 12 56388.34076346 44.585
 176 289.862676  -4.019185    70.710    70.638 13 56398.25640681 52.121
 177 289.866614  -4.023503    70.668    70.668 13 56408.17204855 45.968
 178 289.872639  -4.031555    70.551    70.561 17 56418.08768706 53.365
 179 289.877846  -4.035396    69.835    69.827 15 56428.00331999 43.390
 180 289.870861  -4.029018    68.811    68.831 15 56437.91897157 35.645
 181 289.865163  -4.022569    68.270    68.230 13 56447.83462097 34.583
 182 289.863154  -4.020053    67.884    67.876 12 56457.75026949 36.308
 183 289.862861  -4.019385    68.000    67.994 13 56467.66591542 40.483
 184 289.864021  -4.020374    67.395    67.349 13 56477.58155772 36.746
 185 289.866874  -4.024178    66.460    66.463 13 56487.49719697 40.371
 187 289.875564  -4.034281    64.883    64.909 16 56507.32846900 53.652
 188 289.880040  -4.036538    63.979    63.927 14 56517.24410587 37.937
 189 289.877435  -4.034718    64.471    64.460 15 56527.15975899 47.296
 190 289.875803  -4.034330    63.944    63.929 16 56537.07540828 53.640
 192 289.867104  -4.023725    64.816    65.075 13 56556.90669433 27.985
 193 289.866671  -4.024210    65.762    65.603 13 56566.82233702 25.641
 194 289.868737  -4.025457    64.469    65.105 13 56576.73797902 26.188
 195 289.875795  -4.034754    63.953    63.769 16 56586.65361989 28.927
 196 289.878585  -4.035817    64.474    63.752 15 56596.56926025 24.173
 197 289.873069  -4.031878    64.046    64.064 17 56606.48491146 33.355
 198 289.867110  -4.023668    64.283    64.268 13 56616.40055669 48.978
 199 289.866487  -4.023267    65.490    65.506 13 56626.31620028 46.037
 200 289.869036  -4.025970    65.740    65.678 14 56636.23184183 50.910
 201 289.874285  -4.032668    66.316    66.333 16 56646.14748351 51.614
 202 289.870152  -4.028168    66.079    66.076 14 56656.06313439 53.434
 203 289.865639  -4.021692    65.866    65.864 13 56665.97878058 37.519
 205 289.863185  -4.019753    68.219    68.187 13 56685.81007033 35.226
 206 289.865574  -4.021959    67.559    67.458 13 56695.72571395 32.001
 207 289.872517  -4.031343    67.572    67.639 17 56705.64135495 31.326
 208 289.877784  -4.035312    67.399    67.396 16 56715.55698916 29.315
 209 289.868672  -4.025428    68.146    68.212 13 56725.47264013 33.709
 211 289.858869  -4.016343    69.807    69.856 12 56745.30393345 53.482
 212 289.862352  -4.019196    69.899    69.882 13 56755.21957605 40.370
 213 289.871493  -4.030168    70.046    70.044 15 56765.13521507 48.429
 214 289.875564  -4.033741    70.317    70.349 15 56775.05085377 48.937
 215 289.866269  -4.023243    70.305    70.318 13 56784.96650721 42.212
 216 289.858384  -4.015572    70.408    70.369 12 56794.88215796 37.084
 217 289.853980  -4.010683    70.153    70.198 11 56804.79780599 33.747
 219 289.862095  -4.018945    69.313    69.321 12 56824.62909013 36.556
 220 289.867331  -4.024053    68.316    68.316 13 56834.54472688 34.907
 221 289.873914  -4.032732    67.691    67.702 17 56844.46036095 43.596
 222 289.872746  -4.031700    66.581    66.548 17 56854.37600476 54.392
 223 289.867343  -4.024638    65.961    65.952 13 56864.29165609 27.043
 224 289.864727  -4.021675    66.260    66.162 12 56874.20730771 27.261
 225 289.863445  -4.020096    63.424    63.454 13 56884.12295654 52.956
 226 289.862593  -4.019259    63.846    63.824 13 56894.03860238 49.274
 227 289.860573  -4.017649    62.696    62.350 12 56903.95424485 36.628
 228 289.857718  -4.014111    62.826    63.165 12 56913.86988514 31.566
 229 289.859682  -4.017075    63.630    64.001 12 56923.78552576 30.140
 230 289.865550  -4.022666    64.248    64.798 13 56933.70116493 29.371
 231 289.875488  -4.033372    62.958    62.967 16 56943.61680033 30.838
 232 289.876037  -4.034402    64.458    64.448 16 56953.53244774 34.275
 233 289.869914  -4.027613    63.334    63.322 14 56963.44809649 44.255
 234 289.864628  -4.020853    64.226    64.263 13 56973.36374025 49.443
 235 289.865569  -4.023017    64.926    64.957 13 56983.27938191 52.396
 236 289.872573  -4.031981    65.398    65.374 17 56993.19502059 53.308
 237 289.878150  -4.034476    66.669    66.642 15 57003.11065762 53.173
 238 289.874156  -4.033453    67.633    67.605 16 57013.02631351 51.150
 239 289.867709  -4.024597    67.660    67.677 14 57022.94196235 32.123
 240 289.864377  -4.021750    68.328    68.309 13 57032.85761041 33.732
 241 289.863580  -4.020714    68.433    68.449 13 57042.77325706 33.802
 242 289.865120  -4.022047    69.185    69.156 12 57052.68890223 35.494
 243 289.868845  -4.026037    69.675    69.701 13 57062.60454375 38.010
 244 289.873618  -4.032499    70.064    70.066 16 57072.52018056 42.699
 245 289.876841  -4.034251    70.088    70.101 15 57082.43581213 44.942
 246 289.873960  -4.032814    70.081    70.095 17 57092.35145806 43.728
 247 289.865345  -4.021704    70.430    70.386 13 57102.26711205 49.991
 248 289.863483  -4.020580    70.607    70.626 12 57112.18276494 38.458
 249 289.864872  -4.021544    70.769    70.803 13 57122.09841258 38.934
 250 289.866701  -4.024220    71.321    71.317 13 57132.01405505 54.238
