#    0.000   0.000   0.000 ;Mean Elev.(m), Avg Gradient(m/km), RMS Gradient(m/km) - SRTM1     
#    0.000   0.000   0.000 ;Mean Elev.(m), Avg Gradient(m/km), RMS Gradient(m/km) - ASTER GDEM
#   14.653   0.292   4.468 ;Mean Elev.(m), Avg Gradient(m/km), RMS Gradient(m/km) - GMTED2010 
   1 298.316653  -3.858378    26.037    25.996  8 54662.00388997 36.553
   2 298.314608  -3.859014    25.426    25.435  8 54671.91953460 36.722
   3 298.313352  -3.859226    24.311    24.379  8 54681.83517798 29.734
   4 298.314567  -3.858487    23.555    23.561  8 54691.75082044 29.678
   5 298.317966  -3.857787    22.770    22.685  8 54701.66646092 28.921
   6 298.318491  -3.857754    21.053    21.022  8 54711.58210866 35.697
   7 298.316060  -3.858697    19.009    19.068  7 54721.49776003 31.502
   8 298.311827  -3.859206    18.827    19.548  7 54731.41340841 25.213
   9 298.308571  -3.860189    17.474    17.388  7 54741.32905516 28.847
  10 298.307146  -3.859217    18.577    18.951  8 54751.24470136 24.782
  11 298.307741  -3.859284    16.439    16.430  8 54761.16034769 45.277
  12 298.309255  -3.859095    16.780    16.860  7 54771.07599161 24.277
  13 298.310883  -3.859203    17.399    17.381  8 54780.99163251 28.073
  14 298.312386  -3.859710    17.775    17.793  7 54790.90727114 25.810
  17 298.316912  -3.858598    20.326    20.325  8 54820.65418745 30.047
  18 298.314993  -3.858566    20.612    20.583  7 54830.56984019 26.591
  19 298.312074  -3.859279    20.450    20.431  8 54840.48547947 31.532
  20 298.308431  -3.860311    21.685    21.811  7 54850.40112877 23.395
  21 298.305428  -3.859625    22.471    22.474  8 54860.31677710 31.627
  22 298.304809  -3.860590    23.417    23.412  8 54870.23242584 29.303
  23 298.305628  -3.860097    23.580    23.602  7 54880.14807303 28.543
  24 298.307306  -3.859528    24.634    24.684  7 54890.06371701 34.239
  25 298.307285  -3.859301    24.668    24.544  8 54899.97935783 31.644
  26 298.306295  -3.860224    25.105    25.229  8 54909.89499688 31.543
  27 298.305941  -3.860238    26.010    26.044  7 54919.81063476 36.293
  28 298.307697  -3.859077    25.930    25.815  7 54929.72627245 37.615
  29 298.311777  -3.858666    26.527    26.625  7 54939.64190956 33.214
  30 298.316259  -3.859090    27.213    27.259  8 54949.55754523 45.669
  31 298.317899  -3.858806    27.062    27.132  7 54959.47318387 36.385
  32 298.315109  -3.858226    27.319    27.365  8 54969.38883211 37.898
  33 298.313398  -3.858730    27.566    27.584  8 54979.30447919 37.518
  34 298.312517  -3.859526    27.714    27.841  7 54989.22012606 38.473
  35 298.311657  -3.858666    27.943    27.864  8 54999.13577255 38.357
  36 298.311525  -3.859369    28.031    27.917  8 55009.05141760 42.424
  37 298.311350  -3.859273    27.915    27.818  8 55018.96706076 34.890
  38 298.310913  -3.859661    27.680    27.738  8 55028.88270287 36.237
  39 298.310515  -3.859367    27.333    27.436  7 55038.79834449 33.515
  40 298.312334  -3.859363    26.923    26.914  8 55048.71398538 35.307
  41 298.315422  -3.858751    26.425    26.358  8 55058.62962431 33.694
  42 298.317310  -3.857904    25.302    25.420  7 55068.54526342 30.039
  43 298.314612  -3.858333    24.108    24.149  7 55078.46091341 28.173
  44 298.310986  -3.859309    23.107    23.081  8 55088.37656097 29.969
  45 298.308217  -3.859833    21.034    21.074  8 55098.29220681 35.109
  46 298.307687  -3.859733    19.151    18.488  7 55108.20785206 26.180
  47 298.309042  -3.859388    19.311    19.536  8 55118.12349644 24.489
  48 298.310429  -3.858511    16.723    16.749  7 55128.03913840 34.076
  49 298.311304  -3.858922    17.859    16.985  8 55137.95477852 24.158
  50 298.311827  -3.859374    16.741    16.651  8 55147.87041726 28.355
  51 298.312905  -3.859095    17.537    16.503  7 55157.78605567 22.335
  52 298.314533  -3.858360    14.949    14.545  8 55167.70169409 28.862
  53 298.316762  -3.858336    18.617    18.488  7 55177.61733222 19.979
  54 298.316524  -3.858464    18.542    18.578  8 55187.53297696 26.736
  55 298.313071  -3.859136    20.136    20.077  8 55197.44862821 43.583
  56 298.309604  -3.859320    20.987    20.744  7 55207.36427804 24.156
  57 298.307771  -3.859287    20.937    20.944  7 55217.27992718 23.942
  58 298.307022  -3.859238    21.295    21.280  7 55227.19557551 43.530
  59 298.307701  -3.860362    21.315    21.246  7 55237.11122143 25.373
  60 298.308134  -3.859466    21.532    21.501  7 55247.02686338 40.960
  61 298.307919  -3.859874    22.224    22.271  7 55256.94250314 28.112
  62 298.307126  -3.859348    22.530    22.540  7 55266.85814189 28.217
  63 298.307627  -3.859454    22.456    22.659  8 55276.77378050 25.516
  64 298.310146  -3.858930    22.595    22.575  8 55286.68941823 26.806
  65 298.314285  -3.858408    23.555    23.502  8 55296.60505391 29.769
  66 298.315633  -3.858408    24.024    24.057  7 55306.52069508 29.996
  67 298.313179  -3.858405    24.923    24.877  7 55316.43634190 32.812
  68 298.311424  -3.859332    25.293    25.270  8 55326.35198734 32.634
  69 298.310921  -3.859369    25.662    25.668  8 55336.26763133 35.906
  70 298.311489  -3.859452    25.667    25.696  7 55346.18327480 31.912
  71 298.311980  -3.858881    26.324    26.311  7 55356.09891680 40.045
  72 298.312122  -3.858361    26.286    26.256  7 55366.01455678 36.740
  73 298.312731  -3.858467    25.874    25.881  8 55375.93019553 32.975
  74 298.314246  -3.858636    25.311    25.320  8 55385.84583361 32.401
  75 298.316487  -3.858866    24.873    24.812  8 55395.76147109 33.003
  76 298.318596  -3.858578    24.141    24.107  7 55405.67711191 34.081
  77 298.316347  -3.858541    23.145    23.196  8 55415.59276322 34.217
  78 298.313657  -3.858449    21.750    21.691  7 55425.50841133 44.741
  79 298.311311  -3.858440    19.870    19.625  7 55435.42405665 26.581
  80 298.309740  -3.859265    17.185    17.168  7 55445.33970062 48.906
  81 298.309319  -3.859545    14.723    14.732  7 55455.25534348 39.128
  82 298.310585  -3.859441    13.760    13.765  7 55465.17098558 41.236
  83 298.313359  -3.859248    13.827    13.184  8 55475.08662493 32.983
  84 298.315855  -3.858872    12.196    12.248  7 55485.00226121 33.199
  85 298.316978  -3.858137    11.446    11.319  7 55494.91789537 42.608
  86 298.318374  -3.858289    12.190    12.147  7 55504.83352916 29.049
  87 298.316052  -3.859264    12.398    12.354  7 55514.74917964 31.653
  88 298.314743  -3.858878    17.484    17.017  7 55524.66482962 22.805
  89 298.313280  -3.858449    15.424    15.463  7 55534.58047774 30.514
  90 298.311503  -3.858738    18.985    19.109  7 55544.49612404 18.993
  91 298.309668  -3.859278    16.628    16.691  7 55554.41176834 29.086
  92 298.308671  -3.859243    17.673    17.024  8 55564.32741135 24.319
  93 298.310037  -3.858792    17.286    17.268  7 55574.24305367 27.119
  94 298.312376  -3.858248    17.856    17.852  7 55584.15869441 23.664
  95 298.315145  -3.858967    19.923    19.693  7 55594.07433203 16.966
  96 298.316727  -3.858278    19.460    19.472  8 55603.98996588 34.476
  97 298.318110  -3.857890    20.584    20.609  8 55613.90559795 42.209
  98 298.318938  -3.858676    20.969    20.955  7 55623.82123618 26.849
  99 298.315706  -3.858140    21.374    21.305  8 55633.73688894 24.783
 100 298.314743  -3.859189    21.903    21.879  7 55643.65254004 25.182
 101 298.313782  -3.858329    22.128    22.136  7 55653.56818790 25.723
 102 298.313497  -3.859590    23.555    23.566  7 55663.48383178 36.446
 103 298.311960  -3.858540    24.061    24.023  8 55673.39947182 36.182
 104 298.311785  -3.858644    24.783    24.863  7 55683.31511036 34.365
 105 298.313934  -3.858269    25.109    25.016  8 55693.23074738 34.562
 106 298.317894  -3.858451    25.592    25.529  7 55703.14638305 33.130
 107 298.318424  -3.857612    26.259    26.248  7 55713.06202662 43.142
 108 298.316028  -3.859145    26.071    26.054  7 55722.97767547 34.356
 109 298.312716  -3.858546    26.411    26.491  8 55732.89332199 32.835
 110 298.311480  -3.859635    26.359    26.446  7 55742.80896801 35.152
 111 298.311567  -3.859595    26.309    26.386  7 55752.72461280 32.205
 112 298.313500  -3.859482    26.285    26.294  7 55762.64025555 40.497
 113 298.315152  -3.859041    25.513    25.467  7 55772.55589543 32.986
 114 298.315827  -3.858848    25.270    25.262  7 55782.47153178 38.446
 115 298.316703  -3.858310    24.189    24.209  8 55792.38716522 32.288
 116 298.319008  -3.858210    22.420    22.414  7 55802.30279895 35.320
 117 298.317593  -3.858469    19.678    19.637  7 55812.21844842 29.121
 118 298.317377  -3.858009    16.746    16.576  8 55822.13409615 34.185
 119 298.318227  -3.857854    14.931    14.922  8 55832.04973924 47.681
 120 298.318967  -3.857877    18.178    17.277  8 55841.96537794 25.399
 121 298.319304  -3.858221    17.555    17.533  7 55851.88101388 19.449
 122 298.320489  -3.858607    17.698    17.400  8 55861.79664815 24.816
 123 298.316680  -3.858841    19.272    18.945  8 55871.71230242 18.174
 133 298.312318  -3.859509    23.763    23.698  8 55970.86874319 29.992
 134 298.313809  -3.858967    23.759    23.711  7 55980.78437982 16.046
 135 298.317655  -3.858899    24.629    24.658  8 55990.70001580 33.604
 136 298.317966  -3.857928    24.840    24.774  7 56000.61566117 31.526
 137 298.315577  -3.857970    25.352    25.312  7 56010.53131203 34.002
 138 298.313361  -3.858981    26.170    26.161  8 56020.44695900 39.276
 139 298.310935  -3.858958    26.764    26.792  7 56030.36260242 42.227
 141 298.312126  -3.859490    27.877    27.878  8 56050.19388305 46.012
 142 298.315488  -3.858968    27.495    27.631  8 56060.10951953 40.779
 143 298.319373  -3.858805    27.987    28.048  7 56070.02515540 37.315
 144 298.316098  -3.858358    28.093    28.154  7 56079.94080546 33.128
 145 298.313094  -3.859073    28.323    28.347  8 56089.85645330 39.382
 146 298.311443  -3.858706    27.788    27.862  7 56099.77209875 33.834
 147 298.312109  -3.859401    27.533    27.627  8 56109.68773080 33.881
 148 298.314192  -3.858937    27.463    27.457  8 56119.60337132 44.823
 149 298.317113  -3.858786    26.852    26.848  8 56129.51900835 34.218
 150 298.318954  -3.857992    26.140    26.092  8 56139.43464178 34.318
 151 298.315544  -3.859014    24.987    24.864  8 56149.35029095 31.053
 152 298.313340  -3.858725    23.642    23.643  8 56159.26593931 28.789
 153 298.313346  -3.858846    22.044    21.952  8 56169.18158654 29.614
 154 298.314551  -3.859135    19.776    19.820  7 56179.09723056 27.528
 155 298.315650  -3.859092    18.292    18.258  8 56189.01287025 28.200
 156 298.316336  -3.859111    19.394    18.868  7 56198.92850685 23.749
 157 298.317612  -3.858645    16.130    16.598  7 56208.84414101 27.931
 159 298.319327  -3.857998    19.886    19.730  7 56228.67542053 17.621
 160 298.317338  -3.859011    16.042    15.735  7 56238.59107500 31.685
 161 298.314761  -3.858178    17.310    16.375  8 56248.50672518 25.635
 162 298.313531  -3.858258    14.697    14.654  7 56258.42237065 51.845
 163 298.313479  -3.859545    17.025    17.101  7 56268.33801318 24.405
 164 298.313452  -3.858585    18.828    17.546  7 56278.25365336 18.009
 165 298.312107  -3.858644    17.582    17.534  8 56288.16930219 32.105
 166 298.311374  -3.858629    19.253    18.733  7 56298.08495087 23.044
 167 298.310898  -3.858561    20.992    21.353  7 56308.00059563 21.102
 168 298.310748  -3.859626    21.386    21.452  7 56317.91623825 32.030
 169 298.310328  -3.859515    21.942    21.981  7 56327.83187958 28.636
 170 298.311389  -3.858644    22.687    22.669  7 56337.74752009 26.235
 171 298.314527  -3.858754    23.545    23.566  7 56347.66315929 36.129
 172 298.317896  -3.858776    24.196    24.202  8 56357.57879582 43.382
 173 298.314852  -3.859020    24.329    24.329  8 56367.49444524 32.313
 176 298.309309  -3.859576    26.473    26.495  8 56397.24138228 41.583
 177 298.311327  -3.859483    26.396    26.435  8 56407.15702316 33.769
 178 298.314062  -3.858564    26.567    26.553  7 56417.07266010 37.893
 179 298.318020  -3.858271    27.307    27.332  8 56426.98829258 38.743
 180 298.314413  -3.858176    27.572    27.660  7 56436.90394356 36.874
 181 298.310968  -3.858875    27.544    27.566  8 56446.81959485 33.261
 182 298.309717  -3.859908    27.885    27.893  7 56456.73524430 36.568
 183 298.309231  -3.859469    27.862    27.925  7 56466.65089052 39.579
 184 298.309940  -3.858945    27.266    27.322  7 56476.56653281 36.881
 185 298.311548  -3.858694    26.980    27.040  7 56486.48217162 37.151
 187 298.316301  -3.858828    26.276    26.292  8 56506.31344183 40.812
 188 298.320439  -3.858297    25.604    25.624  7 56516.22907568 34.801
 189 298.318234  -3.857822    24.660    24.660  8 56526.14472934 31.582
 190 298.316793  -3.858227    23.811    23.824  8 56536.06037916 30.873
 192 298.312160  -3.858718    22.046    22.062  7 56555.89166861 30.077
 193 298.311770  -3.859340    21.458    21.021  8 56565.80731144 21.671
 194 298.313166  -3.859369    21.120    21.021  8 56575.72295321 22.888
 195 298.316302  -3.858986    20.885    20.957  8 56585.63859212 19.367
 196 298.319112  -3.858270    18.792    18.795  7 56595.55423011 17.454
 197 298.315330  -3.858955    18.278    18.290  7 56605.46988293 27.220
 198 298.312418  -3.859054    18.493    18.499  7 56615.38553071 33.025
 199 298.311854  -3.858933    20.230    20.230  7 56625.30117478 19.618
 200 298.312778  -3.858203    20.093    20.105  7 56635.21681589 27.837
 201 298.315946  -3.858363    20.405    20.354  8 56645.13245426 24.796
 202 298.313452  -3.858583    20.836    20.843  7 56655.04810657 30.372
 203 298.311627  -3.859300    20.961    20.978  7 56664.96375482 24.432
 205 298.309840  -3.859747    21.616    21.532  7 56684.79504573 26.567
 206 298.311052  -3.859227    22.344    22.354  7 56694.71068895 27.173
 207 298.314107  -3.858073    22.291    22.186  7 56704.62632782 27.341
 208 298.317859  -3.858061    23.107    23.153  8 56714.54196152 29.265
 209 298.313188  -3.858353    23.400    23.409  7 56724.45761276 29.048
 210 298.308730  -3.859467    24.281    24.280  7 56734.37326299 37.067
 211 298.306794  -3.859430    25.163    25.223  7 56744.28890951 47.450
 212 298.308673  -3.858715    25.440    25.429  7 56754.20455173 30.964
 213 298.313502  -3.858550    25.660    25.755  8 56764.12018870 34.975
 214 298.317190  -3.858498    26.047    26.047  7 56774.03582389 38.229
 215 298.311643  -3.858703    26.759    26.740  8 56783.95148019 36.467
 216 298.307114  -3.860141    26.780    26.867  7 56793.86713342 33.800
 217 298.304356  -3.860566    27.325    27.376  7 56803.78278359 33.805
 218 298.305755  -3.859682    27.597    27.464  8 56813.69842654 35.497
 219 298.308741  -3.859907    27.660    27.630  8 56823.61406641 35.762
 220 298.311850  -3.859441    27.744    27.896  8 56833.52970202 36.188
 221 298.315277  -3.859180    27.773    27.779  8 56843.44533417 38.494
 222 298.315129  -3.858658    27.243    27.097  8 56853.36097578 38.598
 223 298.312036  -3.858495    27.207    27.146  8 56863.27662898 39.840
 224 298.310672  -3.859212    27.001    26.978  8 56873.19228182 37.815
 225 298.310302  -3.860049    26.305    26.367  7 56883.10793158 37.883
 226 298.309586  -3.859662    25.650    25.711  8 56893.02357763 33.879
 227 298.308080  -3.859938    24.929    24.880  7 56902.93922067 30.148
 228 298.306171  -3.859586    23.694    23.615  8 56912.85486188 29.186
 229 298.306782  -3.858990    22.678    22.714  7 56922.77050193 32.670
 230 298.310628  -3.858953    21.235    20.912  8 56932.68614027 27.390
 231 298.316225  -3.858096    19.700    19.722  8 56942.60177347 29.804
 232 298.317247  -3.858223    19.098    18.846  8 56952.51741819 30.720
 233 298.313354  -3.858253    20.860    20.969  7 56962.43306902 21.187
 234 298.310730  -3.859411    19.033    19.042  7 56972.34871505 38.130
 235 298.310774  -3.859186    19.874    19.443  7 56982.26435667 26.571
 236 298.314086  -3.858449    20.050    20.082  7 56992.17999375 41.049
 237 298.319372  -3.857890    19.939    19.973  7 57002.09562753 26.184
 238 298.315733  -3.858537    20.455    20.443  7 57012.01128435 25.131
 239 298.312536  -3.858833    21.175    21.150  8 57021.92693558 36.463
 240 298.310346  -3.859441    21.639    21.459  8 57031.84258451 24.939
 241 298.309922  -3.860058    21.775    21.795  7 57041.75823183 30.808
 242 298.310557  -3.859242    22.805    22.818  8 57051.67387695 29.589
 243 298.312968  -3.859310    23.061    23.051  8 57061.58951817 28.036
 244 298.315267  -3.858485    23.645    23.716  7 57071.50515370 28.929
 245 298.317456  -3.858143    24.560    24.589  8 57081.42078498 49.626
 246 298.316091  -3.859088    24.516    24.599  8 57091.33642850 32.295
 247 298.311072  -3.858714    25.514    25.481  7 57101.25208531 48.398
 248 298.309522  -3.858719    25.668    25.723  7 57111.16773903 31.305
 249 298.311043  -3.859750    26.262    26.293  7 57121.08338743 36.468
 250 298.311480  -3.858507    26.854    26.851  7 57130.99902956 39.757
