#    0.000   0.000   0.000 ;Mean Elev.(m), Avg Gradient(m/km), RMS Gradient(m/km) - SRTM1     
#    0.000   0.000   0.000 ;Mean Elev.(m), Avg Gradient(m/km), RMS Gradient(m/km) - ASTER GDEM
#   64.228  -1.051   3.714 ;Mean Elev.(m), Avg Gradient(m/km), RMS Gradient(m/km) - GMTED2010 
   1    64.802 54663.01892543 49.20 289.885722  -4.062595 14.326 -100.00 -100.00 -100.00
   1    64.788 54663.01892602 46.53 289.886619  -4.065096   -100  273.07  276.18  266.42
   1    65.027 54663.01892661 48.88 289.887517  -4.067596   -100  273.07  276.18  266.42
   2    64.081 54672.93456969 32.93 289.883565  -4.062370 28.588 -100.00 -100.00 -100.00
   2    64.224 54672.93457028 30.49 289.884462  -4.064870 19.200 -100.00 -100.00 -100.00
   2    64.264 54672.93457087 29.46 289.885360  -4.067371 16.153 -100.00 -100.00 -100.00
   3    14.827 54682.85021316 13.28 289.882752  -4.063539  2.788  278.82  281.37  271.60
   3    14.840 54682.85021375 13.89 289.883649  -4.066039  3.060  278.82  281.37  271.60
   4    62.331 54692.76585543 49.53 289.883977  -4.062875 23.130 -100.00 -100.00 -100.00
   4    62.453 54692.76585602 47.36 289.884874  -4.065376  4.374 -100.00 -100.00 -100.00
   4    62.373 54692.76585661 43.30 289.885771  -4.067876   -100 -100.00 -100.00 -100.00
   5    13.525 54702.68149622 13.21 289.888249  -4.064781  3.173 -100.00 -100.00 -100.00
   5    13.529 54702.68149681 13.90 289.889147  -4.067282  2.940 -100.00 -100.00 -100.00
   6    60.070 54712.59714517 46.92 289.888165  -4.064352  3.370 -100.00 -100.00 -100.00
   6    60.090 54712.59714576 47.42 289.889062  -4.066852   -100 -100.00 -100.00 -100.00
   7    14.068 54722.51279576  4.04 289.885028  -4.062733  3.268 -100.00 -100.00 -100.00
   7    14.083 54722.51279635  4.82 289.885925  -4.065233  3.957 -100.00 -100.00 -100.00
   7    14.187 54722.51279694  4.10 289.886822  -4.067734  2.324 -100.00 -100.00 -100.00
   8    63.079 54732.42844387 51.01 289.880573  -4.062546  8.197  271.15  274.01  265.21
   8    63.017 54732.42844446 47.69 289.881471  -4.065046   -100  271.15  274.01  265.21
   8    63.015 54732.42844505 52.10 289.882368  -4.067547  7.302  271.15  274.01  265.21
   9   123.520 54742.34408996 23.71 289.876331  -4.061041 25.798  274.64  277.71  268.58
   9   123.234 54742.34409055 23.31 289.877228  -4.063541 27.435  274.64  277.71  268.58
   9   126.334 54742.34409114 26.87 289.878126  -4.066041   -100  274.64  277.71  268.58
  10    61.537 54752.25973635 39.69 289.875444  -4.061590   -100  275.83  278.89  270.02
  10    61.681 54752.25973694 34.25 289.876341  -4.064091 27.468  275.83  278.89  270.02
  10    60.937 54752.25973753 32.45 289.877238  -4.066591 30.905  275.83  278.89  270.02
  11    62.979 54762.17538227 44.08 289.876090  -4.061005   -100  275.07  277.99  269.06
  11    62.961 54762.17538286 45.87 289.876987  -4.063505   -100  275.07  277.99  269.06
  11    62.976 54762.17538345 43.23 289.877885  -4.066006   -100  275.07  277.99  269.06
  12    63.451 54772.09102626 52.11 289.878339  -4.062324   -100  276.19  279.39  270.71
  12    63.346 54772.09102685 50.77 289.879236  -4.064824   -100  276.19  279.39  270.71
  12    63.338 54772.09102744 54.80 289.880134  -4.067324  7.632  276.19  279.39  270.71
  13   125.507 54782.00666693 18.73 289.879712  -4.061989 21.668  277.35  280.45  271.56
  13   124.577 54782.00666752  6.20 289.880609  -4.064489  9.539  277.35  280.45  271.56
  13   128.192 54782.00666811 20.09 289.881506  -4.066989 26.209  277.35  280.45  271.56
  14    64.370 54791.92230530 43.71 289.880795  -4.061569   -100  276.35  279.92  270.72
  14    64.283 54791.92230589 40.34 289.881692  -4.064069   -100  276.35  279.92  270.72
  14    64.405 54791.92230648 37.31 289.882590  -4.066570   -100  276.35  279.92  270.72
  17    64.798 54821.66922344 40.12 289.885804  -4.062645   -100 -100.00 -100.00 -100.00
  17    64.973 54821.66922403 37.30 289.886701  -4.065145 30.750 -100.00 -100.00 -100.00
  17    64.672 54821.66922462 36.99 289.887599  -4.067645 28.628 -100.00 -100.00 -100.00
  18    63.944 54831.58487579 46.13 289.883239  -4.061562 11.400 -100.00 -100.00 -100.00
  18    63.679 54831.58487638 40.27 289.884136  -4.064062   -100 -100.00 -100.00 -100.00
  18    63.736 54831.58487697 37.46 289.885034  -4.066563 31.170  276.29  279.24  269.91
  19    64.419 54841.50051479 46.10 289.880010  -4.061517   -100 -100.00 -100.00 -100.00
  19    64.391 54841.50051538 46.77 289.880907  -4.064018   -100 -100.00 -100.00 -100.00
  19    64.319 54841.50051597 48.89 289.881804  -4.066518   -100 -100.00 -100.00 -100.00
  20    67.334 54851.41616365 42.38 289.876091  -4.060840   -100  269.10  273.79  262.79
  20    67.400 54851.41616424 35.99 289.876988  -4.063340 25.815  269.10  273.79  262.79
  20    67.421 54851.41616483 29.68 289.877885  -4.065840  8.147  269.10  273.79  262.79
  21    68.231 54861.33181251 44.90 289.874099  -4.062286  0.772 -100.00 -100.00 -100.00
  21    68.302 54861.33181310 45.86 289.874996  -4.064786   -100 -100.00 -100.00 -100.00
  21    68.379 54861.33181369 47.76 289.875893  -4.067286   -100 -100.00 -100.00 -100.00
  22    69.151 54871.24746096 53.76 289.873189  -4.062317   -100  270.13  274.97  262.75
  22    68.774 54871.24746155 54.71 289.874086  -4.064817 29.143  270.13  274.97  262.75
  23    69.234 54881.16310769 53.65 289.873821  -4.061474 17.049 -100.00 -100.00 -100.00
  23    69.217 54881.16310828 43.42 289.874718  -4.063974   -100 -100.00 -100.00 -100.00
  23    69.197 54881.16310887 43.42 289.875615  -4.066474   -100 -100.00 -100.00 -100.00
  24    69.724 54891.07875120 53.10 289.875288  -4.060844 14.464  267.87  273.43  260.86
  24    69.705 54891.07875179 49.79 289.876185  -4.063344 11.560  267.87  273.43  260.86
  24    69.691 54891.07875238 46.28 289.877082  -4.065844   -100  267.87  273.43  260.86
  25    70.070 54900.99439183 53.00 289.875420  -4.060933  7.125 -100.00 -100.00 -100.00
  25    69.987 54900.99439242 54.68 289.876317  -4.063433   -100 -100.00 -100.00 -100.00
  25    69.992 54900.99439301 53.42 289.877215  -4.065933 31.389 -100.00 -100.00 -100.00
  26    70.113 54910.91003102 53.16 289.874839  -4.062228 28.804  267.61  273.07  259.74
  26    70.113 54910.91003161 50.00 289.875736  -4.064728 14.268  267.61  273.07  259.74
  26    70.122 54910.91003220 52.34 289.876634  -4.067228 29.023  267.61  273.07  259.74
  27    70.118 54920.82566902 55.17 289.874565  -4.062251 26.683  270.87  275.93  263.00
  27    70.086 54920.82566961 51.11 289.875462  -4.064751 21.847  270.87  275.93  263.00
  27    70.082 54920.82567020 55.83 289.876359  -4.067251   -100  270.87  275.93  263.00
  28    70.138 54930.74130667 51.18 289.876386  -4.061202 29.344  270.05  275.80  270.69
  28    70.120 54930.74130726 52.60 289.877283  -4.063702   -100  270.05  275.80  270.69
  28    70.106 54930.74130785 50.24 289.878180  -4.066202 28.231  270.05  275.80  270.69
  29    70.134 54940.65694348 52.27 289.880666  -4.061035 26.524  270.77  275.96  264.85
  29    70.140 54940.65694407 50.10 289.881563  -4.063535 16.101  270.77  275.96  264.85
  29    70.134 54940.65694466 50.51 289.882460  -4.066035 16.384  270.77  275.96  264.85
  30    70.394 54950.57257906 47.83 289.885665  -4.062632  3.593 -100.00 -100.00 -100.00
  30    70.407 54950.57257965 50.50 289.886562  -4.065132 16.199 -100.00 -100.00 -100.00
  30    70.437 54950.57258024 49.45 289.887459  -4.067632  0.147 -100.00 -100.00 -100.00
  31    70.928 54960.48821929 46.30 289.886531  -4.062238   -100 -100.00 -100.00 -100.00
  31    70.675 54960.48821988 46.63 289.887428  -4.064738   -100 -100.00 -100.00 -100.00
  31    70.634 54960.48822047 44.07 289.888325  -4.067238   -100  263.99  270.54  258.15
  32    70.651 54970.40386793 35.05 289.884241  -4.063167 19.798 -100.00 -100.00 -100.00
  32    70.743 54970.40386852 36.85 289.885138  -4.065667 22.970 -100.00 -100.00 -100.00
  32    70.770 54970.40386911 41.54 289.886035  -4.068167   -100 -100.00 -100.00 -100.00
  33    70.552 54980.31951447 51.93 289.881852  -4.061270 23.611  269.98  275.20  268.77
  33    70.564 54980.31951506 40.61 289.882749  -4.063770   -100  269.98  275.20  268.77
  33    70.345 54980.31951565 42.13 289.883646  -4.066270   -100  269.98  275.20  268.77
  34    70.221 54990.23516109 54.02 289.880969  -4.061306  2.089  268.61  273.57  262.54
  34    70.048 54990.23516168 54.74 289.881866  -4.063806 18.458  268.61  273.57  262.54
  34    70.015 54990.23516227 52.99 289.882763  -4.066306 20.600  268.61  273.57  262.54
  35    69.741 55000.15080763 53.15 289.880506  -4.061914 22.280 -100.00 -100.00 -100.00
  35    69.747 55000.15080822 47.10 289.881403  -4.064414   -100 -100.00 -100.00 -100.00
  35    69.723 55000.15080881 54.37 289.882300  -4.066914 23.756 -100.00 -100.00 -100.00
  36    68.714 55010.06645234 32.12 289.880041  -4.062324 19.794  269.73  274.51  263.67
  36    68.691 55010.06645293 32.97 289.880939  -4.064824 22.829  269.73  274.51  263.67
  36    68.983 55010.06645352 40.84 289.881836  -4.067325   -100  269.73  274.51  263.67
  37    67.966 55019.98209533 44.09 289.879701  -4.061863   -100  271.02  275.17  263.54
  37    67.891 55019.98209592 43.21 289.880598  -4.064363   -100  271.02  275.17  263.54
  37    67.896 55019.98209651 44.13 289.881495  -4.066864   -100  271.02  275.17  263.54
  38    67.560 55029.89773757 30.26 289.879596  -4.062538 18.000 -100.00 -100.00 -100.00
  38    67.572 55029.89773816 31.02 289.880493  -4.065038 20.972 -100.00 -100.00 -100.00
  38    67.363 55029.89773875 43.12 289.881390  -4.067539 15.231 -100.00 -100.00 -100.00
  39    66.721 55039.81337936 31.78 289.879766  -4.063001   -100 -100.00 -100.00 -100.00
  39    66.605 55039.81337995 27.25 289.880663  -4.065501 19.064 -100.00 -100.00 -100.00
  39    66.191 55039.81338054 31.75 289.881560  -4.068001   -100 -100.00 -100.00 -100.00
  40    65.020 55049.72901996 44.21 289.881574  -4.062306   -100  278.89  281.48  271.39
  40    64.986 55049.72902055 41.02 289.882471  -4.064807   -100  278.89  281.48  271.39
  40    65.023 55049.72902114 42.23 289.883368  -4.067307   -100  278.89  281.48  271.39
  41    63.709 55059.64465860 36.82 289.884365  -4.061537   -100 -100.00 -100.00 -100.00
  41    63.435 55059.64465919 37.32 289.885262  -4.064038   -100 -100.00 -100.00 -100.00
  41    63.590 55059.64465978 34.18 289.886160  -4.066538 24.758 -100.00 -100.00 -100.00
  42    62.807 55069.56029911 49.27 289.885703  -4.061338 13.633 -100.00 -100.00 -100.00
  42    62.838 55069.56029970 50.20 289.886600  -4.063839 14.106 -100.00 -100.00 -100.00
  42    62.825 55069.56030029 49.10 289.887497  -4.066339  9.342 -100.00 -100.00 -100.00
  43    63.425 55079.47594901 46.82 289.883492  -4.063081   -100 -100.00 -100.00 -100.00
  43    63.385 55079.47594960 48.29 289.884390  -4.065582   -100 -100.00 -100.00 -100.00
  43    63.280 55079.47595019 50.23 289.885287  -4.068082 10.836  271.93  275.61  265.82
  44    61.814 55089.39159591 43.15 289.879373  -4.061832   -100  274.68  278.13  268.45
  44    61.720 55089.39159650 44.56 289.880271  -4.064332   -100  274.68  278.13  268.45
  44    61.835 55089.39159709 46.89 289.881168  -4.066833   -100  274.68  278.13  268.45
  45    61.185 55099.30724152 43.75 289.876347  -4.060977 28.556 -100.00 -100.00 -100.00
  45    61.285 55099.30724211 45.02 289.877244  -4.063477 31.195 -100.00 -100.00 -100.00
  45    61.206 55099.30724270 49.20 289.878142  -4.065978   -100 -100.00 -100.00 -100.00
  46    62.240 55109.22288712 44.85 289.876260  -4.062068   -100 -100.00 -100.00 -100.00
  46    62.046 55109.22288771 45.25 289.877157  -4.064569   -100 -100.00 -100.00 -100.00
  46    62.135 55109.22288830 49.23 289.878055  -4.067069  5.544 -100.00 -100.00 -100.00
  47    62.891 55119.13853120 50.28 289.877666  -4.061714   -100  273.18  276.44  267.70
  47    62.942 55119.13853179 49.25 289.878563  -4.064214   -100  273.18  276.44  267.70
  47    62.678 55119.13853238 53.28 289.879461  -4.066715 28.141  273.18  276.44  267.70
  48    62.968 55129.05417321 50.97 289.879796  -4.062813   -100  276.14  279.13  270.02
  48    62.744 55129.05417380 51.37 289.880693  -4.065313   -100  276.14  279.13  270.02
  48    62.692 55129.05417440 52.07 289.881591  -4.067813   -100  276.14  279.13  270.02
  49    63.515 55138.96981283 47.11 289.880260  -4.062347  3.263 -100.00 -100.00 -100.00
  49    63.517 55138.96981342 47.22 289.881157  -4.064847   -100 -100.00 -100.00 -100.00
  49    63.552 55138.96981401 47.83 289.882055  -4.067347   -100 -100.00 -100.00 -100.00
  50    61.658 55148.88545153 45.83 289.880574  -4.062513   -100 -100.00 -100.00 -100.00
  50    61.581 55148.88545212 46.96 289.881472  -4.065014   -100 -100.00 -100.00 -100.00
  50    61.531 55148.88545271 50.29 289.882369  -4.067514 14.745 -100.00 -100.00 -100.00
  51    62.539 55158.80108999 42.95 289.881552  -4.061465   -100 -100.00 -100.00 -100.00
  51    62.679 55158.80109058 43.40 289.882449  -4.063965   -100 -100.00 -100.00 -100.00
  51    62.811 55158.80109117 46.90 289.883347  -4.066466   -100 -100.00 -100.00 -100.00
  52    64.878 55168.71672896 31.59 289.884181  -4.062666 18.436 -100.00 -100.00 -100.00
  52    64.784 55168.71672955 30.75 289.885078  -4.065167 14.948 -100.00 -100.00 -100.00
  52    65.970 55168.71673015 29.22 289.885976  -4.067667 11.307  275.37  277.94  271.09
  53    66.643 55178.63236682 27.76 289.886422  -4.062469 16.988 -100.00 -100.00 -100.00
  53    66.570 55178.63236741 27.41 289.887319  -4.064969 16.656 -100.00 -100.00 -100.00
  53    66.398 55178.63236800 29.23 289.888216  -4.067469 21.773 -100.00 -100.00 -100.00
  54    67.921 55188.54801310 34.09 289.885644  -4.063641 19.870 -100.00 -100.00 -100.00
  54    67.835 55188.54801369 35.30 289.886541  -4.066142 25.440 -100.00 -100.00 -100.00
  55    68.436 55198.46366390 42.74 289.881540  -4.063352   -100 -100.00 -100.00 -100.00
  55    68.136 55198.46366449 39.31 289.882437  -4.065852 32.169 -100.00 -100.00 -100.00
  56    67.622 55208.37931338 50.98 289.877825  -4.062104   -100 -100.00 -100.00 -100.00
  56    67.652 55208.37931397 38.42 289.878723  -4.064604   -100  269.91  274.77  264.15
  56    67.623 55208.37931456 50.40 289.879620  -4.067104   -100  269.91  274.77  264.15
  57    65.841 55218.29496261 46.51 289.876526  -4.062283 27.534  272.69  276.72  268.16
  57    65.757 55218.29496320 37.62 289.877423  -4.064783   -100  272.69  276.72  268.16
  57    65.766 55218.29496379 44.07 289.878320  -4.067283  6.007  272.69  276.72  268.16
  58    65.742 55228.21061099 52.33 289.876198  -4.062677 13.750  272.14  276.81  265.90
  58    65.656 55228.21061158 48.74 289.877095  -4.065177 18.360  272.14  276.81  265.90
  58    65.664 55228.21061217 54.41 289.877992  -4.067676   -100  272.14  276.81  265.90
  59    66.889 55238.12625624 50.71 289.876369  -4.062425   -100  272.74  277.24  266.90
  59    66.865 55238.12625683 45.33 289.877266  -4.064925  9.669  272.74  277.24  266.90
  59    66.890 55238.12625742 52.41 289.878163  -4.067425 28.748  272.74  277.24  266.90
  60    67.329 55248.04189800 32.21 289.876795  -4.062703   -100 -100.00 -100.00 -100.00
  60    67.306 55248.04189859 25.62 289.877693  -4.065203 14.332 -100.00 -100.00 -100.00
  60    67.155 55248.04189918 29.30 289.878590  -4.067703 24.462 -100.00 -100.00 -100.00
  61    67.188 55257.95753744 54.33 289.876340  -4.063029 24.200 -100.00 -100.00 -100.00
  61    67.195 55257.95753803 53.39 289.877237  -4.065529   -100 -100.00 -100.00 -100.00
  62    67.286 55267.87317618 51.35 289.875972  -4.062680 18.675 -100.00 -100.00 -100.00
  62    67.283 55267.87317677 52.42 289.876869  -4.065179   -100 -100.00 -100.00 -100.00
  62    67.293 55267.87317736 53.62 289.877766  -4.067679   -100 -100.00 -100.00 -100.00
  63    67.832 55277.78881448 45.10 289.876162  -4.060847   -100 -100.00 -100.00 -100.00
  63    67.839 55277.78881507 30.98 289.877059  -4.063347 23.374  276.97  280.67  270.21
  63    67.417 55277.78881566 28.15 289.877956  -4.065847 14.140  276.97  280.67  270.21
  64    68.263 55287.70445250 41.64 289.879329  -4.061767   -100  276.21  279.40  268.36
  64    67.922 55287.70445309 38.09 289.880226  -4.064267   -100  276.21  279.40  268.36
  64    67.939 55287.70445368 43.10 289.881123  -4.066767  5.596  276.21  279.40  268.36
  65    68.582 55297.62008823 32.57 289.883785  -4.062316 15.625  276.37  279.49  270.86
  65    68.279 55297.62008882 30.89 289.884682  -4.064816 12.435  276.37  279.49  270.86
  65    68.328 55297.62008941 33.85 289.885579  -4.067316 22.454  276.37  279.49  270.86
  66    68.487 55307.53573091 30.58 289.884979  -4.063548 11.764 -100.00 -100.00 -100.00
  66    68.534 55307.53573150 29.25 289.885876  -4.066048 10.029 -100.00 -100.00 -100.00
  66    68.683 55307.53573210 31.03 289.886774  -4.068548 13.261 -100.00 -100.00 -100.00
  67    68.786 55317.45137709 33.85 289.882049  -4.062262 20.164 -100.00 -100.00 -100.00
  67    68.788 55317.45137768 34.14 289.882946  -4.064762 21.951 -100.00 -100.00 -100.00
  67    68.759 55317.45137827 38.87 289.883844  -4.067262   -100 -100.00 -100.00 -100.00
  68    68.928 55327.36702198 35.90 289.879685  -4.061654   -100 -100.00 -100.00 -100.00
  68    68.640 55327.36702257 33.77 289.880582  -4.064154 30.365 -100.00 -100.00 -100.00
  68    68.642 55327.36702316 39.72 289.881480  -4.066654   -100 -100.00 -100.00 -100.00
  69    68.807 55337.28266602 33.45 289.879238  -4.061689 32.000  271.80  276.29  266.00
  69    68.570 55337.28266661 31.04 289.880135  -4.064189 22.369  271.80  276.29  266.00
  69    68.687 55337.28266720 33.60 289.881033  -4.066689 28.000  271.80  276.29  266.00
  70    68.372 55347.19830984 46.82 289.880515  -4.062903   -100  272.03  276.97  264.53
  70    68.203 55347.19831043 49.13 289.881412  -4.065403  6.684  272.03  276.97  264.53
  70    68.325 55347.19831102 51.82 289.882309  -4.067903   -100  272.03  276.97  264.53
  71    67.943 55357.11395151 52.26 289.881028  -4.061775   -100 -100.00 -100.00 -100.00
  71    67.712 55357.11395210 52.10 289.881925  -4.064275   -100 -100.00 -100.00 -100.00
  71    67.647 55357.11395269 50.54 289.882822  -4.066775   -100 -100.00 -100.00 -100.00
  72    66.984 55367.02959132 52.38 289.881183  -4.061680   -100 -100.00 -100.00 -100.00
  72    66.958 55367.02959192 45.27 289.882080  -4.064181   -100 -100.00 -100.00 -100.00
  72    66.838 55367.02959251 47.66 289.882977  -4.066681   -100 -100.00 -100.00 -100.00
  73    64.390 55376.94523013 40.45 289.881998  -4.062956   -100  275.00  278.18  267.83
  73    64.502 55376.94523072 39.98 289.882895  -4.065456   -100  275.00  278.18  267.83
  73    64.433 55376.94523131 39.93 289.883792  -4.067956   -100  275.00  278.18  267.83
  74    64.345 55386.86086795 23.65 289.883170  -4.062407 12.059 -100.00 -100.00 -100.00
  74    65.294 55386.86086854 22.52 289.884068  -4.064907 11.018 -100.00 -100.00 -100.00
  74    65.775 55386.86086913 20.64 289.884965  -4.067407  6.460  279.14  282.18  271.78
  75    63.274 55396.77650560 35.85 289.886031  -4.063629 24.060 -100.00 -100.00 -100.00
  75    63.108 55396.77650619 36.45 289.886928  -4.066130 24.693 -100.00 -100.00 -100.00
  76    63.627 55406.69214840 43.92 289.888349  -4.064464   -100 -100.00 -100.00 -100.00
  76    63.374 55406.69214899 39.88 289.889246  -4.066964 31.326 -100.00 -100.00 -100.00
  77    62.419 55416.60779886 45.96 289.885133  -4.061492   -100 -100.00 -100.00 -100.00
  77    62.208 55416.60779945 46.98 289.886030  -4.063992   -100 -100.00 -100.00 -100.00
  77    62.356 55416.60780004 48.26 289.886927  -4.066493   -100 -100.00 -100.00 -100.00
  78    61.057 55426.52344703 50.37 289.882819  -4.063069  3.677 -100.00 -100.00 -100.00
  78    61.046 55426.52344762 50.37 289.883716  -4.065569  6.116 -100.00 -100.00 -100.00
  78    61.263 55426.52344821 46.54 289.884614  -4.068070   -100 -100.00 -100.00 -100.00
  79    59.194 55436.43909162 45.00 289.879708  -4.061671   -100 -100.00 -100.00 -100.00
  79    59.167 55436.43909221 46.38 289.880605  -4.064172   -100 -100.00 -100.00 -100.00
  79    59.247 55436.43909280 48.34 289.881503  -4.066672   -100 -100.00 -100.00 -100.00
  80    58.412 55446.35473497 44.18 289.877845  -4.061206   -100 -100.00 -100.00 -100.00
  80    59.020 55446.35473556 43.13 289.878742  -4.063706 20.558 -100.00 -100.00 -100.00
  80    58.133 55446.35473615 47.37 289.879639  -4.066206 11.424 -100.00 -100.00 -100.00
  81    59.569 55456.27037824 46.04 289.878412  -4.063169   -100 -100.00 -100.00 -100.00
  81    59.689 55456.27037883 47.22 289.879309  -4.065670   -100 -100.00 -100.00 -100.00
  82    59.378 55466.18602004 42.74 289.879324  -4.061536 31.330  278.01  280.35  271.73
  82    59.318 55466.18602063 47.26 289.880221  -4.064036   -100  278.01  280.35  271.73
  82    59.478 55466.18602122 47.42 289.881118  -4.066537   -100  278.01  280.35  271.73
  83    58.301 55476.10165961 41.76 289.882730  -4.063146   -100  279.94  282.21  274.86
  83    58.309 55476.10166020 42.88 289.883628  -4.065646   -100  279.94  282.21  274.86
  83    58.117 55476.10166079 48.09 289.884525  -4.068147   -100  279.94  282.21  274.86
  84    58.179 55486.01729535 51.21 289.884834  -4.061822 11.646  277.81  279.59  272.64
  84    58.154 55486.01729594 53.33 289.885732  -4.064323 13.766  277.81  279.59  272.64
  84    58.433 55486.01729653 53.49 289.886629  -4.066823   -100  277.81  279.59  272.64
  85    59.113 55495.93292967 43.27 289.886697  -4.063161   -100 -100.00 -100.00 -100.00
  85    59.169 55495.93293026 42.83 289.887595  -4.065662   -100 -100.00 -100.00 -100.00
  85    58.937 55495.93293085 43.59 289.888492  -4.068162   -100 -100.00 -100.00 -100.00
  86    64.966 55505.84856472 18.54 289.887675  -4.063570  7.916 -100.00 -100.00 -100.00
  86    65.161 55505.84856531 18.24 289.888572  -4.066071  8.778  281.30  283.09  274.81
  86    65.245 55505.84856590 27.15 289.889470  -4.068571   -100  281.30  283.09  274.81
  87    61.137 55515.76421500 43.97 289.884278  -4.061850   -100 -100.00 -100.00 -100.00
  87    61.257 55515.76421559 43.85 289.885175  -4.064351   -100  283.15  284.93  277.68
  87    61.303 55515.76421618 40.55 289.886073  -4.066851 28.497  283.15  284.93  277.68
  88    62.559 55525.67986544 44.50 289.883812  -4.063319   -100 -100.00 -100.00 -100.00
  88    62.537 55525.67986603 38.77 289.884710  -4.065819 27.031 -100.00 -100.00 -100.00
  88    62.568 55525.67986662 41.05 289.885607  -4.068319   -100 -100.00 -100.00 -100.00
  89    62.800 55535.59551312 41.92 289.882026  -4.061462   -100 -100.00 -100.00 -100.00
  89    62.519 55535.59551371 43.69 289.882923  -4.063962   -100  280.17  281.97  273.42
  89    62.350 55535.59551430 47.27 289.883820  -4.066462 20.104  280.17  281.97  273.42
  90    63.781 55545.51115933 38.76 289.880541  -4.062456  6.378 -100.00 -100.00 -100.00
  90    63.974 55545.51115992 34.49 289.881438  -4.064956   -100 -100.00 -100.00 -100.00
  90    63.823 55545.51116051 38.20 289.882335  -4.067456   -100  274.59  277.65  268.57
  91    62.916 55555.42680321 47.77 289.878274  -4.062272   -100  272.72  276.68  267.65
  91    62.592 55555.42680380 45.67 289.879171  -4.064772  6.651  272.72  276.68  267.65
  91    62.789 55555.42680439 45.27 289.880068  -4.067273   -100  272.72  276.68  267.65
  92    63.951 55565.34244627 46.20 289.877576  -4.063060  5.658  273.56  277.15  267.64
  92    63.853 55565.34244686 48.97 289.878473  -4.065560 13.441  273.56  277.15  267.64
  92    64.177 55565.34244745 49.31 289.879370  -4.068060   -100  273.56  277.15  267.64
  93    64.673 55575.25808809 48.42 289.878557  -4.061107   -100  274.13  277.26  267.03
  93    64.572 55575.25808868 52.22 289.879454  -4.063607   -100  274.13  277.26  267.03
  93    64.272 55575.25808927 54.52 289.880351  -4.066107 21.185  274.13  277.26  267.03
  94    64.195 55585.17372875 31.44 289.881407  -4.061392   -100 -100.00 -100.00 -100.00
  94    64.160 55585.17372934 25.75 289.882304  -4.063892 19.002  273.30  276.99  267.80
  94    65.669 55585.17372993 23.20 289.883201  -4.066392 11.513  273.30  276.99  267.80
  95    63.221 55595.08936612 33.95 289.884378  -4.061988 23.263 -100.00 -100.00 -100.00
  95    63.254 55595.08936671 33.42 289.885275  -4.064488 20.344 -100.00 -100.00 -100.00
  95    63.196 55595.08936730 33.98 289.886172  -4.066988 22.775 -100.00 -100.00 -100.00
  96    65.250 55605.00500014 51.52 289.886273  -4.062617   -100 -100.00 -100.00 -100.00
  96    65.029 55605.00500073 48.61 289.887170  -4.065117   -100 -100.00 -100.00 -100.00
  96    65.018 55605.00500132 50.88 289.888067  -4.067617  2.829 -100.00 -100.00 -100.00
  97    65.567 55614.92063285 31.92 289.888646  -4.065519 14.576  275.12  278.53  270.54
  97    65.721 55614.92063344 30.98 289.889543  -4.068019 11.464  275.12  278.53  270.54
  98    66.037 55624.83627261 42.36 289.888137  -4.064445   -100 -100.00 -100.00 -100.00
  98    66.078 55624.83627320 45.30 289.889034  -4.066945   -100 -100.00 -100.00 -100.00
  99    67.150 55634.75192468 44.58 289.884564  -4.061982   -100 -100.00 -100.00 -100.00
  99    67.201 55634.75192527 45.42 289.885461  -4.064482   -100 -100.00 -100.00 -100.00
  99    67.312 55634.75192586 41.46 289.886359  -4.066982 27.386 -100.00 -100.00 -100.00
 100    67.762 55644.66757557 32.49 289.883757  -4.063009 21.369 -100.00 -100.00 -100.00
 100    67.874 55644.66757616 33.51 289.884655  -4.065509 22.724 -100.00 -100.00 -100.00
 100    67.967 55644.66757675 36.25 289.885552  -4.068009 32.329 -100.00 -100.00 -100.00
 101    68.708 55654.58322304 30.26 289.882416  -4.061220 13.311 -100.00 -100.00 -100.00
 101    68.329 55654.58322363 29.95 289.883313  -4.063720 11.307 -100.00 -100.00 -100.00
 101    68.588 55654.58322422 32.31 289.884211  -4.066220 16.597 -100.00 -100.00 -100.00
 102    69.384 55664.49886650 48.59 289.881961  -4.061969   -100 -100.00 -100.00 -100.00
 102    69.378 55664.49886709 50.64 289.882858  -4.064469 10.725 -100.00 -100.00 -100.00
 102    69.367 55664.49886768 51.35 289.883756  -4.066968 17.049 -100.00 -100.00 -100.00
 103    70.075 55674.41450629 54.01 289.880630  -4.061130 26.610  267.09  272.54  261.58
 103    70.068 55674.41450688 56.70 289.881528  -4.063630   -100  267.09  272.54  261.58
 103    70.054 55674.41450747 54.85 289.882425  -4.066130   -100  267.09  272.54  261.58
 104    70.201 55684.33014490 35.62 289.881284  -4.063180 25.660 -100.00 -100.00 -100.00
 104    70.312 55684.33014549 35.11 289.882181  -4.065679 23.011 -100.00 -100.00 -100.00
 104    70.436 55684.33014608 41.25 289.883079  -4.068179   -100 -100.00 -100.00 -100.00
 105    70.792 55694.24578133 52.43 289.882825  -4.061322  6.010  266.63  272.84  260.97
 105    70.801 55694.24578193 51.57 289.883722  -4.063822   -100  266.63  272.84  260.97
 105    70.787 55694.24578252 52.62 289.884619  -4.066322   -100  266.63  272.84  260.97
 106    70.292 55704.16141791 35.60 289.888401  -4.065735 20.478 -100.00 -100.00 -100.00
 106    70.465 55704.16141850 40.90 289.889298  -4.068235   -100  265.47  271.84  258.62
 107    69.929 55714.07706319 37.37 289.888483  -4.064841 17.973 -100.00 -100.00 -100.00
 107    69.542 55714.07706378 37.22 289.889381  -4.067341 18.478 -100.00 -100.00 -100.00
 108    69.214 55723.99271080 51.60 289.884617  -4.061935  3.848 -100.00 -100.00 -100.00
 108    69.251 55723.99271139 48.13 289.885514  -4.064435   -100 -100.00 -100.00 -100.00
 108    69.263 55723.99271198 50.24 289.886411  -4.066935   -100 -100.00 -100.00 -100.00
 109    67.878 55733.90835712 41.63 289.881263  -4.061092   -100 -100.00 -100.00 -100.00
 109    67.843 55733.90835771 41.56 289.882161  -4.063592   -100 -100.00 -100.00 -100.00
 109    67.706 55733.90835830 41.78 289.883058  -4.066093   -100 -100.00 -100.00 -100.00
 110    66.521 55743.82400281 46.28 289.879687  -4.061538  3.069  274.06  277.57  266.41
 110    66.511 55743.82400340 39.86 289.880584  -4.064038   -100  274.06  277.57  266.41
 110    66.477 55743.82400399 45.16 289.881481  -4.066538   -100  274.06  277.57  266.41
 111    66.814 55753.73964769 30.97 289.880338  -4.063046 19.692  275.43  278.75  268.15
 111    66.379 55753.73964828 29.53 289.881235  -4.065547 12.903  275.43  278.75  268.15
 111    66.305 55753.73964887 30.27 289.882132  -4.068047 15.943  275.43  278.75  268.15
 112    66.292 55763.65528990 42.42 289.882067  -4.061820   -100 -100.00 -100.00 -100.00
 112    66.437 55763.65529049 42.08 289.882965  -4.064320   -100 -100.00 -100.00 -100.00
 112    66.562 55763.65529108 44.31 289.883862  -4.066821   -100 -100.00 -100.00 -100.00
 113    64.878 55773.57092986 46.33 289.884458  -4.062790   -100  275.69  278.75  269.15
 113    65.069 55773.57093045 47.35 289.885356  -4.065290   -100  275.69  278.75  269.15
 113    65.130 55773.57093104 46.79 289.886253  -4.067790   -100  275.69  278.75  269.15
 114    63.082 55783.48656588 49.78 289.885009  -4.062098 17.452 -100.00 -100.00 -100.00
 114    63.078 55783.48656647 50.76 289.885906  -4.064599 21.563 -100.00 -100.00 -100.00
 114    63.096 55783.48656706 51.13 289.886804  -4.067099 24.748 -100.00 -100.00 -100.00
 115    61.562 55793.40219934 49.43 289.885992  -4.062150  3.629  272.21  276.27  267.03
 115    61.522 55793.40219993 47.02 289.886890  -4.064650   -100  272.21  276.27  267.03
 115    61.488 55793.40220052 44.17 289.887787  -4.067150   -100  272.21  276.27  267.03
 116    59.566 55803.31783548 47.09 289.888860  -4.065336   -100 -100.00 -100.00 -100.00
 116    59.761 55803.31783607 49.12 289.889758  -4.067837   -100 -100.00 -100.00 -100.00
 117    59.404 55813.23348416 37.85 289.886848  -4.063206  0.208 -100.00 -100.00 -100.00
 117    59.420 55813.23348475 35.90 289.887745  -4.065706   -100 -100.00 -100.00 -100.00
 117    65.455 55813.23348534 27.79 289.888643  -4.068207 15.923 -100.00 -100.00 -100.00
 118    59.629 55823.14913173 44.15 289.887264  -4.063942   -100 -100.00 -100.00 -100.00
 118    59.619 55823.14913232 43.68 289.888162  -4.066443   -100 -100.00 -100.00 -100.00
 119    68.044 55833.06477483 19.22 289.888740  -4.065645  6.051  277.86  280.48  274.46
 119    65.464 55833.06477542 26.38 289.889638  -4.068146 17.386  277.86  280.48  274.46
 123    64.400 55872.72733813 21.99 289.885150  -4.061682 12.751  282.25  282.85  274.13
 123    65.198 55872.72733872 21.46 289.886047  -4.064183 13.063  282.25  282.85  274.13
 123    68.161 55872.72733931 22.16 289.886944  -4.066683 12.989  282.25  282.85  274.13
 133    69.447 55971.88377769 45.05 289.881475  -4.063019   -100 -100.00 -100.00 -100.00
 133    69.491 55971.88377828 47.69 289.882372  -4.065519  7.423 -100.00 -100.00 -100.00
 133    69.544 55971.88377887 47.60 289.883269  -4.068019   -100 -100.00 -100.00 -100.00
 134    69.694 55981.79941423 47.78 289.882984  -4.062352   -100  270.56  275.10  264.21
 134    69.822 55981.79941482 45.85 289.883882  -4.064852   -100  270.56  275.10  264.21
 134    69.951 55981.79941541 44.37 289.884779  -4.067352   -100  270.56  275.10  264.21
 135    69.771 55991.71505043 36.24 289.887921  -4.064856 16.550 -100.00 -100.00 -100.00
 135    69.598 55991.71505102 35.59 289.888818  -4.067356 15.718 -100.00 -100.00 -100.00
 136    70.047 56001.63069746 39.68 289.887443  -4.063579 25.569 -100.00 -100.00 -100.00
 136    70.066 56001.63069805 44.18 289.888340  -4.066079   -100 -100.00 -100.00 -100.00
 136    70.122 56001.63069864 45.71 289.889237  -4.068579   -100 -100.00 -100.00 -100.00
 137    70.568 56011.54634773 46.67 289.884734  -4.062985   -100 -100.00 -100.00 -100.00
 137    70.604 56011.54634832 47.60 289.885631  -4.065485   -100 -100.00 -100.00 -100.00
 137    70.695 56011.54634891 48.49 289.886529  -4.067985   -100 -100.00 -100.00 -100.00
 138    71.295 56021.46199382 44.30 289.881430  -4.061179   -100 -100.00 -100.00 -100.00
 138    71.084 56021.46199441 41.20 289.882327  -4.063679   -100 -100.00 -100.00 -100.00
 138    71.148 56021.46199500 37.43 289.883224  -4.066179   -100  277.88  275.91  269.14
 139    71.287 56031.37763748 54.40 289.879824  -4.062800 28.700 -100.00 -100.00 -100.00
 139    71.272 56031.37763807 50.25 289.880721  -4.065299 13.920 -100.00 -100.00 -100.00
 139    71.266 56031.37763866 54.92 289.881618  -4.067799   -100 -100.00 -100.00 -100.00
 141    71.256 56051.20891745 53.01 289.881430  -4.062940 24.744 -100.00 -100.00 -100.00
 141    71.241 56051.20891804 54.84 289.882327  -4.065440   -100 -100.00 -100.00 -100.00
 141    71.268 56051.20891863 55.83 289.883224  -4.067940 25.684 -100.00 -100.00 -100.00
 142    70.704 56061.12455345 32.55 289.884771  -4.062376 16.206 -100.00 -100.00 -100.00
 142    70.822 56061.12455404 35.02 289.885668  -4.064876 23.067 -100.00 -100.00 -100.00
 142    70.954 56061.12455463 36.86 289.886565  -4.067376 28.133 -100.00 -100.00 -100.00
 144    69.994 56080.95584101 39.45 289.884691  -4.062251 26.346 -100.00 -100.00 -100.00
 144    70.030 56080.95584161 41.34 289.885589  -4.064752   -100 -100.00 -100.00 -100.00
 144    70.125 56080.95584220 41.91 289.886486  -4.067252 29.350 -100.00 -100.00 -100.00
 145    69.209 56090.87148839 35.94 289.881573  -4.061603 14.064 -100.00 -100.00 -100.00
 145    69.038 56090.87148898 35.76 289.882470  -4.064103 17.179 -100.00 -100.00 -100.00
 145    68.867 56090.87148957 36.59 289.883367  -4.066603 21.260 -100.00 -100.00 -100.00
 146    67.249 56100.78713424 32.35 289.880973  -4.063306 12.190  275.12  278.69  267.63
 146    67.252 56100.78713483 32.36 289.881870  -4.065806 11.184  275.12  278.69  267.63
 147    64.834 56110.70276545 46.86 289.880764  -4.061567  6.406 -100.00 -100.00 -100.00
 147    64.778 56110.70276604 41.80 289.881661  -4.064067   -100 -100.00 -100.00 -100.00
 147    64.753 56110.70276664 37.08 289.882558  -4.066567 32.594  276.44  279.68  269.72
 148    65.063 56120.61840557 44.78 289.882910  -4.061543  9.546 -100.00 -100.00 -100.00
 148    65.226 56120.61840616 44.16 289.883807  -4.064043   -100 -100.00 -100.00 -100.00
 148    64.957 56120.61840675 43.18 289.884704  -4.066544   -100 -100.00 -100.00 -100.00
 149    64.555 56130.53404235 44.07 289.886249  -4.062591   -100 -100.00 -100.00 -100.00
 149    64.334 56130.53404294 45.57 289.887146  -4.065091   -100 -100.00 -100.00 -100.00
 149    64.466 56130.53404353 44.16 289.888044  -4.067591   -100 -100.00 -100.00 -100.00
 150    63.489 56140.44967702 34.29 289.889586  -4.065989 30.210 -100.00 -100.00 -100.00
 150    63.477 56140.44967761 33.74 289.890484  -4.068489 25.675 -100.00 -100.00 -100.00
 151    61.975 56150.36532650 51.95 289.884205  -4.062291   -100  273.93  276.98  268.96
 151    61.949 56150.36532709 50.43 289.885103  -4.064791   -100  273.93  276.98  268.96
 151    61.962 56150.36532768 53.53 289.886000  -4.067292   -100  273.93  276.98  268.96
 152    60.135 56160.28097482 51.93 289.882044  -4.061739 16.703 -100.00 -100.00 -100.00
 152    60.180 56160.28097541 52.35 289.882941  -4.064240 26.366 -100.00 -100.00 -100.00
 152    60.496 56160.28097600 52.93 289.883838  -4.066740   -100 -100.00 -100.00 -100.00
 153    60.215 56170.19662177 50.60 289.882100  -4.061639 10.621 -100.00 -100.00 -100.00
 153    60.249 56170.19662236 51.61 289.882997  -4.064140 11.674 -100.00 -100.00 -100.00
 153    60.445 56170.19662295 52.65 289.883894  -4.066640  0.118  273.35  276.52  267.37
 154    61.973 56180.11226497 50.64 289.883241  -4.061418   -100  275.38  277.73  269.27
 154    61.926 56180.11226556 52.37 289.884138  -4.063918   -100  275.38  277.73  269.27
 154    61.960 56180.11226615 53.62 289.885036  -4.066419   -100  275.38  277.73  269.27
 155    60.214 56190.02790448 41.82 289.884680  -4.062711   -100 -100.00 -100.00 -100.00
 155    60.242 56190.02790507 42.79 289.885577  -4.065212   -100 -100.00 -100.00 -100.00
 155    60.543 56190.02790566 44.64 289.886475  -4.067712   -100  276.52  279.23  270.92
 156    59.945 56199.94354078 40.18 289.885118  -4.062381   -100 -100.00 -100.00 -100.00
 156    59.958 56199.94354137 42.58 289.886015  -4.064881   -100 -100.00 -100.00 -100.00
 156    60.388 56199.94354196 43.67 289.886912  -4.067382   -100 -100.00 -100.00 -100.00
 157    64.914 56209.85917542 25.30 289.887283  -4.063787 13.306 -100.00 -100.00 -100.00
 157    65.101 56209.85917601 26.10 289.888180  -4.066288 16.626 -100.00 -100.00 -100.00
 160    61.995 56239.60611068 38.07 289.885769  -4.061780   -100 -100.00 -100.00 -100.00
 160    62.089 56239.60611127 35.98 289.886666  -4.064280 24.944 -100.00 -100.00 -100.00
 160    61.872 56239.60611186 35.07 289.887563  -4.066781 24.600 -100.00 -100.00 -100.00
 161    61.872 56249.52176080 50.09 289.883795  -4.063061 22.280 -100.00 -100.00 -100.00
 161    61.844 56249.52176139 45.59 289.884692  -4.065561   -100 -100.00 -100.00 -100.00
 161    61.863 56249.52176198 39.39 289.885590  -4.068062 31.763 -100.00 -100.00 -100.00
 162    63.591 56259.43740587 48.47 289.882754  -4.063382   -100 -100.00 -100.00 -100.00
 162    63.419 56259.43740646 48.58 289.883651  -4.065883   -100 -100.00 -100.00 -100.00
 162    63.517 56259.43740705 43.76 289.884548  -4.068383   -100 -100.00 -100.00 -100.00
 163    64.140 56269.35304786 44.61 289.882377  -4.062892   -100 -100.00 -100.00 -100.00
 163    64.050 56269.35304845 46.35 289.883274  -4.065392   -100 -100.00 -100.00 -100.00
 163    64.228 56269.35304904 45.78 289.884171  -4.067892   -100 -100.00 -100.00 -100.00
 164    64.377 56279.26868802 52.27 289.882887  -4.062418 19.730 -100.00 -100.00 -100.00
 164    64.718 56279.26868861 49.21 289.883784  -4.064919   -100  275.73  279.28  270.62
 164    64.681 56279.26868920 51.26 289.884681  -4.067419   -100  275.73  279.28  270.62
 165    66.104 56289.18433780 48.04 289.880725  -4.061136 23.254 -100.00 -100.00 -100.00
 165    66.098 56289.18433839 42.64 289.881622  -4.063636  4.883 -100.00 -100.00 -100.00
 165    66.092 56289.18433898 49.99 289.882519  -4.066136   -100 -100.00 -100.00 -100.00
 166    67.855 56299.09998610 49.36 289.879909  -4.061517 18.799 -100.00 -100.00 -100.00
 166    67.624 56299.09998669 34.00 289.880806  -4.064017 15.059 -100.00 -100.00 -100.00
 166    67.465 56299.09998728 32.62 289.881704  -4.066517 14.118 -100.00 -100.00 -100.00
 167    68.479 56309.01563078 23.32 289.880004  -4.063217  6.226  276.73  276.65  266.28
 167    68.565 56309.01563137 23.98 289.880902  -4.065717  7.900  276.73  276.65  266.28
 167    68.356 56309.01563196 28.64 289.881799  -4.068217 16.853  276.73  276.65  266.28
 168    69.117 56318.93127246 38.67 289.878964  -4.061420   -100 -100.00 -100.00 -100.00
 168    68.902 56318.93127305 31.33 289.879861  -4.063920 18.740 -100.00 -100.00 -100.00
 168    68.744 56318.93127364 31.21 289.880758  -4.066420 17.280 -100.00 -100.00 -100.00
 169    69.104 56328.84691370 49.95 289.878630  -4.060866  6.699 -100.00 -100.00 -100.00
 169    68.988 56328.84691429 48.02 289.879527  -4.063366 22.141 -100.00 -100.00 -100.00
 169    69.001 56328.84691488 46.84 289.880425  -4.065866 17.575 -100.00 -100.00 -100.00
 170    69.164 56338.76255458 35.41 289.880251  -4.061160 31.050 -100.00 -100.00 -100.00
 170    68.800 56338.76255517 29.48 289.881148  -4.063660 12.800 -100.00 -100.00 -100.00
 170    68.587 56338.76255576 30.31 289.882045  -4.066160 15.142 -100.00 -100.00 -100.00
 171    69.264 56348.67819369 43.59 289.883558  -4.061445   -100  276.24  280.44  269.78
 171    69.438 56348.67819428 42.76 289.884455  -4.063945   -100  276.24  280.44  269.78
 171    69.183 56348.67819487 43.12 289.885352  -4.066445   -100  276.24  280.44  269.78
 172    69.320 56358.59383044 29.19 289.887896  -4.064085 10.177 -100.00 -100.00 -100.00
 172    69.372 56358.59383103 32.09 289.888794  -4.066585 18.320  271.31  276.19  265.08
 173    70.195 56368.50948099 48.05 289.883766  -4.063436  8.265 -100.00 -100.00 -100.00
 173    70.312 56368.50948158 41.24 289.884663  -4.065936 29.037 -100.00 -100.00 -100.00
 173    70.387 56368.50948217 47.76 289.885561  -4.068436   -100 -100.00 -100.00 -100.00
 175    70.619 56388.34077379 53.91 289.877267  -4.062236  7.624  266.01  272.74  260.71
 175    70.445 56388.34077438 55.11 289.878164  -4.064735 26.736  266.01  272.74  260.71
 175    70.439 56388.34077497 55.16 289.879061  -4.067235 28.052  266.01  272.74  260.71
 176    70.517 56398.25641685 54.14 289.877924  -4.061684 26.155  267.69  273.58  262.23
 176    70.517 56398.25641744 54.44 289.878821  -4.064184 30.436  267.69  273.58  262.23
 176    70.516 56398.25641803 56.13 289.879718  -4.066684   -100  267.69  273.58  262.23
 177    70.500 56408.17205741 43.95 289.880068  -4.061004   -100 -100.00 -100.00 -100.00
 177    70.499 56408.17205800 31.87 289.880965  -4.063504 11.636 -100.00 -100.00 -100.00
 177    70.355 56408.17205859 33.33 289.881862  -4.066004 16.026  266.28  272.18  259.49
 178    70.500 56418.08769414 55.12 289.883403  -4.061556 24.503 -100.00 -100.00 -100.00
 178    70.498 56418.08769473 52.16 289.884300  -4.064056 23.372 -100.00 -100.00 -100.00
 178    70.520 56418.08769533 49.89 289.885197  -4.066556  6.539  267.33  273.54  260.56
 179    69.753 56428.00332708 34.20 289.888610  -4.065397 16.127 -100.00 -100.00 -100.00
 179    69.787 56428.00332767 37.62 289.889507  -4.067897 29.038 -100.00 -100.00 -100.00
 180    68.618 56437.91897925 41.82 289.882524  -4.061519   -100 -100.00 -100.00 -100.00
 180    68.716 56437.91897984 38.17 289.883421  -4.064019 27.423 -100.00 -100.00 -100.00
 180    68.758 56437.91898043 36.11 289.884318  -4.066519 24.214 -100.00 -100.00 -100.00
 181    68.345 56447.83463042 33.18 289.879517  -4.062572 30.057  273.53  277.28  265.87
 181    68.101 56447.83463101 31.41 289.880414  -4.065072 23.683  273.53  277.28  265.87
 181    68.306 56447.83463160 30.14 289.881311  -4.067572 15.629  273.53  277.28  265.87
 182    67.820 56457.75027923 48.21 289.877956  -4.061307 25.528 -100.00 -100.00 -100.00
 182    67.864 56457.75027982 36.90 289.878854  -4.063807 26.509 -100.00 -100.00 -100.00
 182    67.816 56457.75028041 35.31 289.879751  -4.066308 23.273 -100.00 -100.00 -100.00
 183    67.832 56467.66592545 50.97 289.878112  -4.061890 27.669  275.82  278.96  269.24
 183    67.909 56467.66592604 37.14 289.879009  -4.064390 18.595  275.82  278.96  269.24
 183    67.764 56467.66592663 36.02 289.879907  -4.066891 15.404  275.82  278.96  269.24
 184    67.141 56477.58156775 42.73 289.879274  -4.062879   -100 -100.00 -100.00 -100.00
 184    67.127 56477.58156834 41.30 289.880171  -4.065379 29.950 -100.00 -100.00 -100.00
 184    66.750 56477.58156893 41.85 289.881069  -4.067880   -100 -100.00 -100.00 -100.00
 185    66.144 56487.49720582 50.95 289.880334  -4.061682 13.188  268.89  273.01  263.65
 185    66.181 56487.49720641 42.50 289.881231  -4.064182 32.000  268.89  273.01  263.65
 185    66.169 56487.49720700 41.48 289.882129  -4.066683 25.083  268.89  273.01  263.65
 187    64.828 56507.32847579 51.08 289.885883  -4.063034   -100 -100.00 -100.00 -100.00
 187    64.814 56507.32847638 49.09 289.886781  -4.065535   -100 -100.00 -100.00 -100.00
 187    64.796 56507.32847697 49.46 289.887678  -4.068035   -100 -100.00 -100.00 -100.00
 189    64.265 56527.15976607 51.09 289.888202  -4.064723  3.786 -100.00 -100.00 -100.00
 189    64.411 56527.15976667 54.83 289.889099  -4.067223   -100 -100.00 -100.00 -100.00
 190    63.874 56537.07541507 54.89 289.886121  -4.063085  0.662 -100.00 -100.00 -100.00
 190    63.752 56537.07541566 48.48 289.887019  -4.065585   -100 -100.00 -100.00 -100.00
 190    63.844 56537.07541625 51.45 289.887916  -4.068085   -100 -100.00 -100.00 -100.00
 192    61.653 56556.90670318 40.43 289.880564  -4.061232   -100 -100.00 -100.00 -100.00
 192    61.999 56556.90670378 43.81 289.881462  -4.063732   -100  279.62  282.47  273.59
 192    61.848 56556.90670437 44.90 289.882359  -4.066233   -100  279.62  282.47  273.59
 193    64.910 56566.82234588 36.15 289.880130  -4.061717   -100 -100.00 -100.00 -100.00
 193    62.450 56566.82234647 27.15 289.881028  -4.064218 15.709 -100.00 -100.00 -100.00
 193    64.838 56566.82234706 24.60 289.881925  -4.066718 11.718 -100.00 -100.00 -100.00
 194    62.089 56576.73798788 34.15 289.882196  -4.062965 21.485 -100.00 -100.00 -100.00
 194    61.935 56576.73798847 33.86 289.883093  -4.065466 20.072  280.93  283.32  275.41
 194    62.002 56576.73798906 40.76 289.883990  -4.067966   -100  280.93  283.32  275.41
 195    63.633 56586.65362668 32.67 289.886113  -4.063510 18.646 -100.00 -100.00 -100.00
 195    63.335 56586.65362727 33.16 289.887010  -4.066011 21.918 -100.00 -100.00 -100.00
 195    65.569 56586.65362786 33.33 289.887907  -4.068511 20.261 -100.00 -100.00 -100.00
 196    65.265 56596.56926733 28.33 289.889351  -4.065823 22.767 -100.00 -100.00 -100.00
 196    65.472 56596.56926792 27.42 289.890249  -4.068323 19.089 -100.00 -100.00 -100.00
 197    63.848 56606.48491854 44.86 289.883836  -4.061883   -100 -100.00 -100.00 -100.00
 197    63.985 56606.48491913 47.05 289.884733  -4.064384   -100 -100.00 -100.00 -100.00
 197    64.113 56606.48491972 42.67 289.885630  -4.066884   -100 -100.00 -100.00 -100.00
 198    64.159 56616.40056554 47.02 289.880568  -4.061174   -100  273.21  277.52  267.90
 198    64.122 56616.40056613 51.43 289.881466  -4.063674 11.693  273.21  277.52  267.90
 198    64.116 56616.40056672 43.65 289.882363  -4.066174   -100  273.21  277.52  267.90
 199    65.312 56626.31620972 43.17 289.880842  -4.063272 24.496 -100.00 -100.00 -100.00
 199    65.552 56626.31621031 24.00 289.881739  -4.065772  6.508 -100.00 -100.00 -100.00
 199    66.032 56626.31621090 24.64 289.882636  -4.068272  7.922 -100.00 -100.00 -100.00
 200    65.451 56636.23185039 54.56 289.882045  -4.062224 20.701  271.61  275.35  265.42
 200    65.444 56636.23185098 55.05 289.882942  -4.064724 18.987  271.61  275.35  265.42
 200    65.424 56636.23185157 56.22 289.883839  -4.067224 27.813  271.61  275.35  265.42
 201    66.361 56646.14749030 54.94 289.884602  -4.061420   -100 -100.00 -100.00 -100.00
 201    66.154 56646.14749089 49.28 289.885500  -4.063920  5.131 -100.00 -100.00 -100.00
 201    66.131 56646.14749148 52.96 289.886397  -4.066421 11.392 -100.00 -100.00 -100.00
 202    65.993 56656.06314236 53.40 289.882264  -4.061919   -100 -100.00 -100.00 -100.00
 202    66.008 56656.06314295 50.23 289.883161  -4.064419   -100 -100.00 -100.00 -100.00
 202    66.011 56656.06314354 55.00 289.884058  -4.066919   -100 -100.00 -100.00 -100.00
 203    65.516 56665.97879002 50.15 289.879994  -4.061692 11.517  275.00  278.74  269.18
 203    65.598 56665.97879061 41.64 289.880891  -4.064192   -100  275.00  278.74  269.18
 203    65.716 56665.97879120 46.76 289.881788  -4.066692   -100  275.00  278.74  269.18
 205    68.160 56685.81008037 35.72 289.878437  -4.062253   -100 -100.00 -100.00 -100.00
 205    68.177 56685.81008096 27.73 289.879334  -4.064753 10.323 -100.00 -100.00 -100.00
 205    68.031 56685.81008155 30.63 289.880231  -4.067254 17.793  272.66  276.73  266.19
 206    67.595 56695.72572340 39.35 289.879928  -4.061960  0.263  275.76  279.22  269.35
 206    67.651 56695.72572399 28.08 289.880825  -4.064460 15.515  275.76  279.22  269.35
 206    67.516 56695.72572458 30.00 289.881722  -4.066960 18.824  275.76  279.22  269.35
 207    68.209 56705.64136203 38.84 289.883282  -4.061343 30.378  276.16  279.24  269.92
 207    67.606 56705.64136262 32.42 289.884179  -4.063843 30.031  276.16  279.24  269.92
 207    67.679 56705.64136321 29.52 289.885076  -4.066343 19.242  276.16  279.24  269.92
 208    67.566 56715.55699595 26.28 289.888101  -4.064062 10.671  273.69  277.51  267.72
 208    67.405 56715.55699654 27.83 289.888998  -4.066562 16.258  273.69  277.51  267.72
 209    68.340 56725.47264899 45.02 289.882129  -4.062927  7.523  272.71  276.68  267.55
 209    68.348 56725.47264958 46.33 289.883026  -4.065427  4.113  272.71  276.68  267.55
 209    68.365 56725.47265017 46.83 289.883923  -4.067927  5.274  272.71  276.68  267.55
 211    69.679 56745.30394437 53.03 289.875463  -4.062592   -100  268.89  273.90  262.60
 211    69.369 56745.30394496 53.54 289.876360  -4.065091 24.236  268.89  273.90  262.60
 211    69.395 56745.30394555 55.78 289.877257  -4.067591 22.195  268.89  273.90  262.60
 212    69.842 56755.21958608 53.39 289.877600  -4.061695 28.086 -100.00 -100.00 -100.00
 212    69.817 56755.21958667 50.71 289.878497  -4.064195 26.135 -100.00 -100.00 -100.00
 212    69.835 56755.21958726 54.38 289.879394  -4.066695   -100  268.08  273.81  261.18
 213    70.323 56765.13522274 53.01 289.883153  -4.062667   -100  268.08  273.78  261.25
 213    69.980 56765.13522334 54.30 289.884050  -4.065167 21.279  268.08  273.78  261.25
 213    69.952 56765.13522393 56.36 289.884947  -4.067667   -100  268.08  273.78  261.25
 214    70.310 56775.05086086 51.24 289.886328  -4.063741 14.331 -100.00 -100.00 -100.00
 214    70.361 56775.05086145 43.22 289.887225  -4.066241   -100 -100.00 -100.00 -100.00
 215    70.239 56784.96651666 53.39 289.880622  -4.063243 25.976 -100.00 -100.00 -100.00
 215    70.243 56784.96651725 49.01 289.881519  -4.065743  0.671 -100.00 -100.00 -100.00
 215    70.256 56784.96651784 53.38 289.882416  -4.068243 21.896 -100.00 -100.00 -100.00
 216    70.252 56794.88216888 50.66 289.874979  -4.061824 19.391 -100.00 -100.00 -100.00
 216    70.239 56794.88216947 50.37 289.875876  -4.064324 21.892 -100.00 -100.00 -100.00
 216    70.251 56794.88217006 51.42 289.876774  -4.066824 19.752  268.55  274.11  261.02
 217    70.077 56804.79781780 44.78 289.871921  -4.060686  7.233 -100.00 -100.00 -100.00
 217    70.028 56804.79781839 36.67 289.872819  -4.063186   -100 -100.00 -100.00 -100.00
 217    69.959 56804.79781898 35.76 289.873716  -4.065686 29.129 -100.00 -100.00 -100.00
 219    69.288 56824.62910046 31.59 289.877796  -4.062699 19.182 -100.00 -100.00 -100.00
 219    69.145 56824.62910105 32.27 289.878693  -4.065199 22.621 -100.00 -100.00 -100.00
 219    69.158 56824.62910164 33.71 289.879590  -4.067699 24.089 -100.00 -100.00 -100.00
 220    68.248 56834.54473573 36.43 289.880790  -4.061556 20.614  272.42  276.18  265.98
 220    68.155 56834.54473632 38.00 289.881687  -4.064056 21.324  272.42  276.18  265.98
 220    68.137 56834.54473691 35.33 289.882585  -4.066556 14.986  272.42  276.18  265.98
 221    67.602 56844.46036803 45.32 289.884681  -4.062734   -100 -100.00 -100.00 -100.00
 221    67.538 56844.46036862 42.54 289.885578  -4.065235 32.203 -100.00 -100.00 -100.00
 221    67.513 56844.46036922 50.47 289.886475  -4.067735 11.387 -100.00 -100.00 -100.00
 222    66.297 56854.37601184 53.21 289.883513  -4.061703 17.825  272.40  275.94  266.82
 222    66.315 56854.37601243 51.73 289.884410  -4.064203 13.394  272.40  275.94  266.82
 222    66.539 56854.37601302 54.07 289.885308  -4.066704   -100  272.40  275.94  266.82
 223    64.956 56864.29166494 40.34 289.880801  -4.062142   -100 -100.00 -100.00 -100.00
 223    64.755 56864.29166553 40.82 289.881699  -4.064643 16.564 -100.00 -100.00 -100.00
 223    64.612 56864.29166612 37.25 289.882596  -4.067143 14.667 -100.00 -100.00 -100.00
 224    65.106 56874.20731745 32.83 289.879531  -4.062930 29.784 -100.00 -100.00 -100.00
 224    66.022 56874.20731804 27.95 289.880428  -4.065431 17.545 -100.00 -100.00 -100.00
 224    65.953 56874.20731863 25.23 289.881325  -4.067931 12.863  274.68  276.50  267.85
 225    63.095 56884.12296658 50.77 289.878698  -4.062602  9.734 -100.00 -100.00 -100.00
 225    63.470 56884.12296717 51.41 289.879595  -4.065102   -100 -100.00 -100.00 -100.00
 225    63.287 56884.12296776 51.14 289.880492  -4.067603   -100 -100.00 -100.00 -100.00
 226    65.628 56894.03861242 43.26 289.877847  -4.061765 28.479 -100.00 -100.00 -100.00
 226    63.394 56894.03861301 47.06 289.878744  -4.064265   -100 -100.00 -100.00 -100.00
 226    63.543 56894.03861360 44.31 289.879641  -4.066765   -100 -100.00 -100.00 -100.00
 227    62.201 56903.95425518 45.97 289.876275  -4.061407   -100 -100.00 -100.00 -100.00
 227    65.845 56903.95425577 46.91 289.877172  -4.063907 25.130 -100.00 -100.00 -100.00
 227    62.326 56903.95425636 48.20 289.878069  -4.066407   -100  276.60  280.15  271.69
 228    61.352 56913.86989665 39.88 289.875214  -4.062870   -100  275.85  279.02  270.28
 228    61.677 56913.86989724 39.49 289.876111  -4.065371   -100  275.85  279.02  270.28
 228    61.752 56913.86989783 41.77 289.877008  -4.067871   -100  275.85  279.02  270.28
 229    62.484 56923.78553609 41.77 289.875382  -4.060834   -100 -100.00 -100.00 -100.00
 229    62.575 56923.78553668 43.80 289.876279  -4.063335   -100  281.37  283.59  275.63
 229    62.580 56923.78553727 46.10 289.877177  -4.065835   -100  281.37  283.59  275.63
 230    63.012 56933.70117437 45.05 289.879905  -4.062675 32.514 -100.00 -100.00 -100.00
 230    63.037 56933.70117496 46.23 289.880802  -4.065175 32.415 -100.00 -100.00 -100.00
 230    62.568 56933.70117555 50.41 289.881699  -4.067676  9.056 -100.00 -100.00 -100.00
 231    62.827 56943.61680712 35.17 289.885806  -4.062128 19.600 -100.00 -100.00 -100.00
 231    62.592 56943.61680771 35.12 289.886703  -4.064628 21.854 -100.00 -100.00 -100.00
 231    62.618 56943.61680830 34.48 289.887600  -4.067129 18.055 -100.00 -100.00 -100.00
 232    64.483 56953.53245453 39.92 289.886355  -4.063158   -100 -100.00 -100.00 -100.00
 232    64.402 56953.53245512 32.55 289.887252  -4.065659 22.215 -100.00 -100.00 -100.00
 232    64.100 56953.53245571 33.17 289.888149  -4.068159 24.062 -100.00 -100.00 -100.00
 233    63.150 56963.44810446 51.27 289.882027  -4.061369  6.310 -100.00 -100.00 -100.00
 233    63.304 56963.44810505 54.04 289.882924  -4.063869   -100 -100.00 -100.00 -100.00
 233    63.278 56963.44810564 54.02 289.883822  -4.066370   -100 -100.00 -100.00 -100.00
 234    64.078 56973.36375028 51.21 289.879880  -4.063360  7.286 -100.00 -100.00 -100.00
 234    64.088 56973.36375087 41.12 289.880777  -4.065860   -100 -100.00 -100.00 -100.00
 235    64.908 56983.27939136 52.11 289.879923  -4.063022   -100 -100.00 -100.00 -100.00
 235    64.954 56983.27939195 49.34 289.880820  -4.065523   -100  274.05  277.80  268.07
 235    64.922 56983.27939254 53.08 289.881717  -4.068023   -100  274.05  277.80  268.07
 236    65.301 56993.19502767 42.41 289.883338  -4.061984 32.614 -100.00 -100.00 -100.00
 236    65.123 56993.19502827 44.01 289.884236  -4.064484   -100  273.26  277.11  266.44
 236    65.153 56993.19502886 44.19 289.885133  -4.066984   -100  273.26  277.11  266.44
 238    67.696 57013.02632029 47.24 289.884475  -4.062205  4.059 -100.00 -100.00 -100.00
 238    67.448 57013.02632088 34.30 289.885372  -4.064705 23.878 -100.00 -100.00 -100.00
 238    67.347 57013.02632148 31.67 289.886269  -4.067205 18.373 -100.00 -100.00 -100.00
 239    67.629 57022.94197150 27.85 289.881616  -4.063349 16.696 -100.00 -100.00 -100.00
 239    67.636 57022.94197209 26.24 289.882513  -4.065849 11.870 -100.00 -100.00 -100.00
 240    68.525 57032.85761986 44.41 289.878732  -4.061752   -100 -100.00 -100.00 -100.00
 240    68.191 57032.85762045 42.07 289.879629  -4.064252   -100 -100.00 -100.00 -100.00
 240    68.246 57032.85762104 46.61 289.880526  -4.066752  1.932 -100.00 -100.00 -100.00
 241    68.470 57042.77326710 39.66 289.878831  -4.063216   -100  275.20  278.97  269.21
 241    68.486 57042.77326769 33.58 289.879728  -4.065716 24.751  275.20  278.97  269.21
 242    69.117 57052.68891198 44.99 289.879921  -4.063298   -100  269.60  274.23  264.93
 242    69.144 57052.68891257 43.08 289.880819  -4.065798   -100  269.60  274.23  264.93
 243    69.794 57062.60455201 49.37 289.881404  -4.061038  3.728  270.02  274.73  263.45
 243    69.868 57062.60455260 45.57 289.882301  -4.063538   -100  270.02  274.73  263.45
 243    69.611 57062.60455319 43.58 289.883198  -4.066038   -100  270.02  274.73  263.45
 244    69.901 57072.52018735 49.19 289.883935  -4.061249 16.684  268.01  273.48  262.00
 244    69.920 57072.52018794 40.45 289.884832  -4.063749   -100  268.01  273.48  262.00
 244    69.918 57072.52018853 40.92 289.885729  -4.066249   -100  268.01  273.48  262.00
 245    70.136 57082.43581922 47.28 289.887606  -4.064250   -100 -100.00 -100.00 -100.00
 245    69.953 57082.43581981 46.98 289.888503  -4.066750   -100 -100.00 -100.00 -100.00
 246    70.099 57092.35146515 50.32 289.884724  -4.062813  1.819 -100.00 -100.00 -100.00
 246    70.108 57092.35146574 49.01 289.885621  -4.065313   -100 -100.00 -100.00 -100.00
 246    70.074 57092.35146633 48.34 289.886518  -4.067813   -100 -100.00 -100.00 -100.00
 247    70.189 57102.26712149 50.30 289.879695  -4.061704 12.024 -100.00 -100.00 -100.00
 247    70.204 57102.26712208 38.48 289.880592  -4.064204 19.456  270.51  275.41  268.96
 247    70.169 57102.26712267 44.38 289.881489  -4.066704   -100  270.51  275.41  268.96
 248    70.580 57112.18277468 52.61 289.878281  -4.061829   -100  265.44  271.13  259.54
 248    70.639 57112.18277527 41.69 289.879178  -4.064329   -100  265.44  271.13  259.54
 248    70.585 57112.18277586 51.62 289.880075  -4.066829   -100  265.44  271.13  259.54
 249    70.767 57122.09842203 52.61 289.879223  -4.061543   -100 -100.00 -100.00 -100.00
 249    70.785 57122.09842262 54.53 289.880120  -4.064043 29.645 -100.00 -100.00 -100.00
 249    70.731 57122.09842321 52.03 289.881017  -4.066543   -100 -100.00 -100.00 -100.00
 250    71.279 57132.01406390 53.37 289.880157  -4.061720  5.575 -100.00 -100.00 -100.00
 250    71.296 57132.01406449 55.11 289.881054  -4.064220   -100 -100.00 -100.00 -100.00
 250    71.247 57132.01406508 53.00 289.881951  -4.066720  9.610 -100.00 -100.00 -100.00
