#    0.000   0.000   0.000 ;Mean Elev.(m), Avg Gradient(m/km), RMS Gradient(m/km) - SRTM1     
#    0.000   0.000   0.000 ;Mean Elev.(m), Avg Gradient(m/km), RMS Gradient(m/km) - ASTER GDEM
#    7.688  -0.648   3.200 ;Mean Elev.(m), Avg Gradient(m/km), RMS Gradient(m/km) - GMTED2010 
   1 300.016146  -3.285571    20.938    21.849  6 54661.49471465 36.262
   2 300.018088  -3.273387    21.048    21.036 17 54671.41036246 45.078
   3 300.016784  -3.273781     2.597    -0.566 16 54681.32600562 24.142
   4 300.018264  -3.274487    19.806    19.781 16 54691.24164778 51.011
   5 300.022504  -3.273386     4.328     2.142 16 54701.15728820 22.135
   6 300.023836  -3.271740    17.672    17.722 16 54711.07293509 32.138
   7 300.020710  -3.272323    12.338    13.266 17 54720.98858568 29.894
   8 300.015769  -3.273454    15.560    14.737 16 54730.90423370 29.301
   9 300.012373  -3.272541    14.236    13.669 17 54740.81988101 35.153
  10 300.011635  -3.270784    15.591    15.278 19 54750.73552882 27.607
  11 300.011516  -3.271346    13.201    12.905 19 54760.65117607 40.696
  12 300.012088  -3.272669    14.592    13.097 17 54770.56682085 30.061
  13 300.013505  -3.272153    13.331    13.178 17 54780.48246272 38.784
  14 300.014382  -3.272866    13.363    13.247 17 54790.39810146 46.335
  15 300.015094  -3.274385    13.721    13.555 16 54800.31373865 46.251
  17 300.020705  -3.272116    15.276    14.968 17 54820.14501600 45.709
  18 300.018879  -3.273026    15.913    15.967 16 54830.06066779 46.407
  19 300.015718  -3.273574    16.441    16.363 16 54839.97630625 27.237
  20 300.012194  -3.272297    17.082    17.126 17 54849.89195549 29.049
  21 300.009988  -3.270704    17.544    17.596 19 54859.80760468 28.566
  22 300.009432  -3.269316    18.399    18.512 20 54869.72325412 32.093
  23 300.009622  -3.270504    18.955    19.034 19 54879.63890202 31.496
  24 300.010683  -3.271468    19.345    19.405 18 54889.55454670 31.369
  25 300.010711  -3.270294    19.744    19.815 19 54899.47018834 35.510
  26 300.009293  -3.270451    20.379    20.425 20 54909.38582696 45.266
  27 300.009764  -3.269281    20.688    20.673 20 54919.30146445 34.297
  28 300.011427  -3.271882    21.342    21.364 19 54929.21710095 38.230
  29 300.015126  -3.273860    21.711    21.776 16 54939.13273683 40.237
  30 300.019439  -3.274196    22.043    22.086 16 54949.04837150 40.880
  31 300.022796  -3.271085    22.328    22.424 17 54958.96400941 39.009
  32 300.019908  -3.272388    22.412    22.443 16 54968.87965729 37.875
  33 300.017331  -3.274171    22.258    22.380 16 54978.79530422 36.280
  34 300.015511  -3.275528    22.156    22.173 15 54988.71095127 36.862
  35 300.015562  -3.273464    22.818    22.850 16 54998.62659934 40.439
  36 300.015001  -3.273603    22.779    22.904 16 55008.54224499 37.353
  37 300.014625  -3.273820    22.819    23.025 17 55018.45788858 36.574
  38 300.014621  -3.272208    22.916    22.972 17 55028.37353100 52.213
  39 300.013861  -3.273988    22.734    22.705 17 55038.28917197 47.993
  40 300.016058  -3.273488    21.930    21.905 16 55048.20481248 35.728
  41 300.019278  -3.274263    21.535    21.574 16 55058.12045083 43.356
  42 300.022889  -3.270892    20.477    20.460 17 55068.03608974 33.959
  43 300.019120  -3.272874    19.755    19.812 16 55077.95173896 33.584
  44 300.014702  -3.273524    18.562    18.539 17 55087.86738636 30.224
  45 300.012332  -3.271564    17.434    17.160 19 55097.78303320 37.315
  46 300.011629  -3.271706    16.975    17.118 18 55107.69867939 25.083
  47 300.012865  -3.270984    15.129    13.910 19 55117.61432520 35.450
  48 300.013474  -3.272261    13.052    12.321 18 55127.52996816 40.069
  49 300.013900  -3.272025    12.927    12.332 18 55137.44560901 33.639
  50 300.014234  -3.272255    11.208    11.029 17 55147.36124770 44.800
  51 300.015018  -3.274301    11.763    10.900 16 55157.27688515 36.319
  52 300.017589  -3.273343    11.070     9.604 17 55167.19252327 40.868
  53 300.020771  -3.271725    13.579    13.628 17 55177.10816109 30.056
  54 300.020973  -3.272000    13.404    12.634 17 55187.02380442 32.700
  55 300.016729  -3.274222    14.008    13.839 16 55196.93945467 46.093
  56 300.013626  -3.272929    15.117    14.906 17 55206.85510482 34.596
  57 300.012108  -3.271640    16.375    16.583 19 55216.77075466 22.317
  58 300.011073  -3.271670    15.599    15.532 18 55226.68640369 23.368
  59 300.010989  -3.271456    15.681    15.825 18 55236.60205024 24.946
  60 300.011465  -3.271134    16.103    16.146 19 55246.51769324 31.636
  61 300.010701  -3.271530    16.592    16.736 18 55256.43333311 29.136
  62 300.010523  -3.270382    16.979    17.124 19 55266.34897186 50.155
  63 300.010755  -3.272268    16.903    16.986 19 55276.26460909 25.485
  64 300.013809  -3.272714    17.081    17.163 17 55286.18024584 30.215
  65 300.017971  -3.273967    18.480    18.543 16 55296.09588045 50.726
  66 300.019640  -3.273872    19.105    19.134 16 55306.01152016 44.430
  67 300.017408  -3.273323    19.772    19.856 16 55315.92716672 33.351
  68 300.015113  -3.274309    20.507    20.560 16 55325.84281178 37.626
  69 300.014910  -3.273655    20.852    20.923 17 55335.75845641 37.595
  70 300.015440  -3.273306    20.972    20.988 16 55345.67410060 35.261
  71 300.015624  -3.273937    21.205    21.260 16 55355.58974345 36.894
  72 300.016066  -3.273203    21.205    21.291 16 55365.50538437 37.677
  73 300.016375  -3.273784    21.032    21.118 16 55375.42102332 37.140
  74 300.018385  -3.272624    20.568    20.469 17 55385.33666152 33.338
  75 300.021237  -3.271118    20.284    20.336 17 55395.25229889 31.453
  76 300.023620  -3.271709    19.955    19.972 16 55405.16793815 53.211
  77 300.021354  -3.271947    19.351    19.407 16 55415.08358887 44.414
  78 300.018481  -3.272467    17.947    18.024 17 55424.99923650 45.213
  79 300.015410  -3.274152    17.171    16.711 16 55434.91488151 31.106
  80 300.014054  -3.272006    15.391    14.831 18 55444.83052637 32.725
  81 300.013119  -3.272444    14.870    13.642 18 55454.74616994 34.162
  82 300.013967  -3.273140    13.624    11.764 17 55464.66181289 30.829
  83 300.016446  -3.272985    11.341    10.695 16 55474.57745346 31.711
  84 300.018779  -3.272206    10.838     9.105 17 55484.49309105 35.621
  85 300.019723  -3.272282    13.523    13.494 17 55494.40872604 34.873
  86 300.021374  -3.271812    12.175     8.623 17 55504.32435990 31.876
  87 300.019272  -3.272356    12.718    14.145 17 55514.24000862 36.500
  88 300.018551  -3.272260    10.882     9.031 16 55524.15565801 34.072
  89 300.017389  -3.272560    10.419    10.250 16 55534.07130551 41.139
  90 300.015496  -3.272904    11.483    10.933 16 55543.98695129 31.445
  91 300.013498  -3.273132    13.581    14.787 17 55553.90259536 32.271
  92 300.012715  -3.272378    12.607    12.227 17 55563.81823892 38.948
  93 300.014023  -3.272293    13.390    12.834 17 55573.73388200 32.105
  94 300.015813  -3.273095    13.281    13.249 16 55583.64952354 31.439
  95 300.017677  -3.273396    14.543    14.222 17 55593.56516166 44.168
  96 300.018903  -3.274179    15.548    15.094 16 55603.48079609 32.658
  97 300.021287  -3.271719    15.919    15.956 17 55613.39642889 37.878
  98 300.022653  -3.271005    16.785    16.748 17 55623.31206554 29.722
  99 300.018941  -3.273821    17.303    17.317 16 55633.22771691 39.053
 100 300.018348  -3.272826    17.964    18.010 16 55643.14336707 52.236
 101 300.018118  -3.272570    18.280    18.243 17 55653.05901429 31.095
 102 300.017079  -3.273631    18.885    18.931 16 55662.97465700 39.277
 103 300.016016  -3.273280    19.262    19.149 16 55672.89029721 30.192
 104 300.015253  -3.274694    19.915    19.874 16 55682.80593587 32.998
 105 300.018374  -3.272530    20.622    20.689 17 55692.72157421 35.091
 106 300.021807  -3.273562    21.095    21.151 16 55702.63721031 38.379
 107 300.023647  -3.270804    21.576    21.614 17 55712.55285456 42.050
 108 300.019963  -3.272266    21.646    21.597 16 55722.46850324 38.849
 109 300.016501  -3.273203    22.066    22.023 16 55732.38414983 51.110
 110 300.014699  -3.274282    21.601    21.747 16 55742.29979508 35.810
 111 300.015435  -3.273041    21.608    21.595 16 55752.21543972 34.891
 112 300.017308  -3.273334    21.655    21.781 16 55762.13108183 45.780
 113 300.018663  -3.274389    21.109    21.137 16 55772.04672103 40.366
 114 300.020159  -3.272214    20.447    20.548 16 55781.96235758 43.984
 115 300.020736  -3.273554    19.641    19.655 16 55791.87799106 34.714
 116 300.023864  -3.271690    18.574    18.670 17 55801.79362521 29.723
 117 300.022224  -3.271078    17.357    16.996 17 55811.70927579 31.217
 118 300.021800  -3.270951    15.607    14.641 17 55821.62492483 32.936
 119 300.022166  -3.271307    13.209    12.046 17 55831.54056900 31.286
 120 300.022545  -3.271182    10.887    10.053 17 55841.45620858 36.117
 121 300.021752  -3.273393    12.550    11.704 16 55851.37184427 33.443
 122 300.023649  -3.271548    11.755    11.281 16 55861.28747868 31.748
 123 300.019634  -3.274074    10.582    11.015 16 55871.20313080 41.399
 133 300.014911  -3.272030    18.068    18.007 17 55970.35957324 29.537
 134 300.016567  -3.273350    19.410    19.448 16 55980.27520894 51.403
 135 300.021318  -3.271756    20.059    20.135 17 55990.19084450 52.756
 136 300.022485  -3.272011    20.363    20.427 17 56000.10648818 33.910
 137 300.019547  -3.274176    20.705    20.740 16 56010.02213772 33.550
 138 300.017197  -3.274124    20.964    20.998 16 56019.93778392 34.062
 139 300.015031  -3.273514    21.631    21.751 16 56029.85342751 38.721
 141 300.016072  -3.272880    22.309    22.345 16 56049.68470957 35.765
 142 300.019066  -3.273929    22.670    22.609 16 56059.60034679 37.410
 143 300.023863  -3.271874    23.122    23.196 17 56069.51598286 41.768
 144 300.019808  -3.274053    23.239    23.299 16 56079.43163286 45.117
 145 300.017107  -3.272433    23.264    23.279 16 56089.34728080 53.768
 146 300.015210  -3.273968    22.844    22.927 16 56099.26292555 36.404
 147 300.015265  -3.275600    22.654    22.729 15 56109.17855648 51.572
 148 300.018625  -3.272528    22.301    22.387 16 56119.09419733 51.625
 149 300.021960  -3.271209    21.984    22.051 17 56129.00983431 46.430
 150 300.023598  -3.272224    21.321    21.388 17 56138.92546758 34.770
 151 300.019505  -3.274002    20.809    20.905 16 56148.84111548 36.024
 152 300.017149  -3.274490    19.717    19.770 16 56158.75676461 34.685
 153 300.017452  -3.272610    18.601    18.626 16 56168.67241333 35.161
 154 300.017949  -3.272648    17.704    17.443 17 56178.58805860 31.818
 155 300.018056  -3.274169    15.191    14.791 16 56188.50369904 38.548
 156 300.019161  -3.272422    14.475    13.865 16 56198.41933666 32.561
 157 300.020078  -3.274126    12.580    11.139 16 56208.33497051 38.635
 158 300.024046  -3.271233    11.127    10.466 17 56218.25060373 36.200
 159 300.023751  -3.272198    13.259    14.350 17 56228.16624851 33.618
 160 300.021088  -3.273852    11.147    10.229 16 56238.08190191 38.020
 161 300.019412  -3.272509    12.457    11.057 16 56247.99755236 34.847
 162 300.017375  -3.274372    10.703     9.225 16 56257.91319739 25.220
 163 300.016965  -3.273576    12.994    11.486 16 56267.82884014 37.886
 164 300.017277  -3.272823    12.745    12.143 17 56277.74448139 31.105
 165 300.015556  -3.273452    12.996    11.816 16 56287.66013029 27.500
 166 300.014701  -3.272530    13.523    13.211 17 56297.57578021 34.720
 167 300.013760  -3.272388    14.220    14.478 17 56307.49142585 36.168
 168 300.012847  -3.272785    15.788    15.628 18 56317.40706831 34.302
 169 300.012724  -3.272913    16.286    16.215 18 56327.32270912 39.331
 170 300.014842  -3.272350    17.015    17.057 17 56337.23834909 35.027
 171 300.018328  -3.272398    18.039    18.105 16 56347.15398735 52.615
 172 300.022208  -3.271401    18.769    18.862 17 56357.06962331 36.556
 173 300.019262  -3.272033    19.204    19.213 17 56366.98527108 30.618
 176 300.013648  -3.272069    20.555    20.587 17 56396.73220868 32.898
 177 300.015130  -3.273113    21.158    21.307 16 56406.64785011 43.701
 178 300.017859  -3.273191    21.388    21.432 16 56416.56348817 35.313
 179 300.022077  -3.272098    22.128    22.238 17 56426.47912163 44.047
 180 300.018690  -3.272642    22.601    22.598 16 56436.39477156 51.118
 181 300.014642  -3.273665    22.663    22.715 17 56446.31042216 36.380
 182 300.013557  -3.272496    22.846    22.894 17 56456.22607106 48.386
 183 300.013576  -3.271971    22.736    22.816 17 56466.14171681 44.767
 184 300.013921  -3.273700    22.161    22.304 17 56476.05735832 36.701
 185 300.015587  -3.273649    22.167    22.219 16 56485.97299693 38.629
 187 300.019775  -3.274221    21.148    21.257 16 56505.80426777 35.438
 188 300.025227  -3.271913    20.721    20.742 17 56515.71990207 36.758
 189 300.023199  -3.271119    19.994    20.088 17 56525.63555707 35.838
 190 300.020940  -3.271522    19.347    19.362 17 56535.55120783 36.280
 192 300.014586  -3.274288    17.864    17.865 16 56555.38249791 53.116
 193 300.015143  -3.271785    16.925    16.713 17 56565.29814098 29.906
 194 300.016363  -3.273294    15.339    15.184 16 56575.21378189 43.533
 195 300.020266  -3.272100    14.592    14.319 16 56585.12942067 32.485
 196 300.024122  -3.271248    15.789    15.647 16 56595.04505752 29.271
 197 300.019791  -3.272087    14.890    14.366 16 56604.96070987 33.281
 198 300.016306  -3.273234    16.046    16.249 16 56614.87635766 22.077
 199 300.015266  -3.274066    14.052    14.366 16 56624.79200222 36.706
 200 300.016133  -3.273823    16.005    15.297 16 56634.70764447 28.787
 201 300.018880  -3.274354    16.418    15.655 16 56644.62328267 32.282
 202 300.016285  -3.273226    15.357    15.529 16 56654.53893609 38.419
 203 300.014234  -3.272142    16.034    16.048 18 56664.45458509 40.524
 205 300.012604  -3.271882    16.970    16.810 18 56684.28587544 30.365
 206 300.014325  -3.272352    17.167    17.290 17 56694.20151781 31.215
 207 300.018190  -3.272420    17.636    17.574 16 56704.11715608 28.346
 208 300.022278  -3.271980    18.271    18.272 17 56714.03278919 47.702
 209 300.017357  -3.273715    18.577    18.648 16 56723.94843835 35.653
 210 300.013113  -3.272085    18.777    18.810 18 56733.86408884 30.559
 211 300.011604  -3.271042    19.855    19.948 19 56743.77973624 38.433
 212 300.012879  -3.273030    20.200    20.245 17 56753.69537895 31.793
 213 300.017416  -3.273126    20.910    20.982 16 56763.61101684 38.588
 214 300.021743  -3.271842    21.164    21.256 17 56773.52665161 36.047
 215 300.015071  -3.274110    21.651    21.698 16 56783.44230774 36.211
 216 300.011042  -3.271455    22.108    22.128 18 56793.35796122 33.961
 217 300.008957  -3.269341    22.637    22.641 21 56803.27361163 44.274
 218 300.009927  -3.271762    22.738    22.800 19 56813.18925356 40.434
 219 300.012720  -3.272271    22.822    22.888 17 56823.10489259 36.241
 220 300.015639  -3.273489    22.853    22.956 16 56833.02052741 37.506
 221 300.019053  -3.274002    22.734    22.800 16 56842.93615920 36.764
 222 300.020376  -3.271396    22.598    22.610 17 56852.85180064 35.429
 223 300.015630  -3.275550    22.350    22.328 15 56862.76745369 34.536
 224 300.015022  -3.272096    22.260    22.337 17 56872.68310817 34.899
 225 300.013827  -3.272813    21.778    21.944 17 56882.59875861 38.845
 226 300.013080  -3.272291    21.185    21.311 18 56892.51440571 40.457
 227 300.011351  -3.271817    20.087    20.090 18 56902.43004937 33.132
 228 300.009861  -3.271059    19.362    19.405 20 56912.34569098 34.066
 229 300.010941  -3.271170    18.397    18.447 19 56922.26133087 51.541
 230 300.014931  -3.271770    17.117    17.054 17 56932.17696868 31.138
 231 300.020221  -3.273835    15.591    15.402 16 56942.09260117 35.998
 232 300.022384  -3.271712    16.467    15.715 17 56952.00824467 32.560
 233 300.017976  -3.272792    15.559    14.366 16 56961.92389521 31.565
 234 300.014444  -3.273652    15.160    14.332 17 56971.83954124 33.031
 235 300.014125  -3.274234    14.720    14.496 16 56981.75518369 35.461
 236 300.017823  -3.272550    15.929    15.024 16 56991.67082253 29.481
 237 300.023561  -3.271559    15.107    14.857 17 57001.58645629 36.568
 238 300.018640  -3.273050    16.252    15.588 16 57011.50211354 27.311
 239 300.015070  -3.273282    15.724    15.506 17 57021.41776509 31.702
 240 300.013312  -3.272002    15.651    15.711 17 57031.33341393 41.923
 241 300.013391  -3.270870    16.253    16.400 19 57041.24906075 51.128
 242 300.014262  -3.272054    17.138    17.117 17 57051.16470504 36.195
 243 300.016216  -3.274136    17.803    17.915 16 57061.08034510 50.684
 244 300.019934  -3.271708    18.240    18.278 17 57070.99598082 33.653
 245 300.022421  -3.271368    18.560    18.600 17 57080.91161200 30.719
 246 300.020896  -3.272215    18.718    18.726 17 57090.82725388 29.115
 247 300.015119  -3.274557    19.407    19.555 16 57100.74291091 30.460
 248 300.013834  -3.273197    19.572    19.651 17 57110.65856585 30.787
 249 300.014959  -3.272263    20.487    20.534 17 57120.57421518 33.111
 250 300.014721  -3.274371    21.137    21.306 16 57130.48985779 38.046
