#    0.000   0.000   0.000 ;Mean Elev.(m), Avg Gradient(m/km), RMS Gradient(m/km) - SRTM1     
#    0.000   0.000   0.000 ;Mean Elev.(m), Avg Gradient(m/km), RMS Gradient(m/km) - ASTER GDEM
#   83.574   0.766   4.813 ;Mean Elev.(m), Avg Gradient(m/km), RMS Gradient(m/km) - GMTED2010 
   2    89.852 54669.96756973 25.41 286.875676  -3.579338  5.505 -100.00 -100.00 -100.00
   2    81.762 54669.96757032 26.24 286.876572  -3.581839  7.652 -100.00 -100.00 -100.00
   2    83.797 54669.96757091 24.51 286.877468  -3.584339  5.000 -100.00 -100.00 -100.00
   2    84.024 54669.96757150 25.07 286.878364  -3.586840  5.489 -100.00 -100.00 -100.00
   4    89.809 54689.79885632 22.47 286.875728  -3.579464 13.426 -100.00 -100.00 -100.00
   4    89.367 54689.79885691 19.39 286.876624  -3.581965  9.305 -100.00 -100.00 -100.00
   4    89.308 54689.79885750 15.99 286.877520  -3.584466  5.670 -100.00 -100.00 -100.00
   4    87.936 54689.79885809 16.31 286.878416  -3.586966  5.559 -100.00 -100.00 -100.00
   6    89.188 54709.63014125 26.44 286.878411  -3.573855 10.056 -100.00 -100.00 -100.00
   6    78.428 54709.63014184 27.55 286.879307  -3.576356 12.731 -100.00 -100.00 -100.00
   6    78.353 54709.63014243 27.36 286.880203  -3.578857 13.526 -100.00 -100.00 -100.00
   6    78.283 54709.63014302 28.62 286.881099  -3.581358 16.741 -100.00 -100.00 -100.00
   8    81.003 54729.46144299 40.71 286.873954  -3.581097 25.221 -100.00 -100.00 -100.00
   8    80.824 54729.46144358 43.51 286.874850  -3.583598   -100 -100.00 -100.00 -100.00
   8    80.745 54729.46144417 44.54 286.875746  -3.586099   -100 -100.00 -100.00 -100.00
   8    80.560 54729.46144476 46.35 286.876643  -3.588600  6.175 -100.00 -100.00 -100.00
   9    80.915 54739.37709057 26.36 286.871605  -3.583977  8.168 -100.00 -100.00 -100.00
   9    83.457 54739.37709116 24.93 286.872501  -3.586478  6.380 -100.00 -100.00 -100.00
   9    83.825 54739.37709175 25.05 286.873397  -3.588978  7.058 -100.00 -100.00 -100.00
  10    79.509 54749.29273729 41.38 286.870071  -3.583643 30.948 -100.00 -100.00 -100.00
  10    79.560 54749.29273788 41.46 286.870967  -3.586144 31.527 -100.00 -100.00 -100.00
  10    79.287 54749.29273847 38.52 286.871864  -3.588644 27.826 -100.00 -100.00 -100.00
  10    79.332 54749.29273906 36.95 286.872760  -3.591145 22.460 -100.00 -100.00 -100.00
  11    81.444 54759.20838426 40.87 286.870608  -3.585363 21.291 -100.00 -100.00 -100.00
  11    82.139 54759.20838485 42.72 286.871505  -3.587863 15.100 -100.00 -100.00 -100.00
  11    80.661 54759.20838544 50.49 286.872401  -3.590364 25.619 -100.00 -100.00 -100.00
  12    88.780 54769.12402802 30.03 286.871022  -3.582884  7.139 -100.00 -100.00 -100.00
  12    80.787 54769.12402861 30.98 286.871919  -3.585385  9.114 -100.00 -100.00 -100.00
  12    83.925 54769.12402920 32.55 286.872815  -3.587886 12.836 -100.00 -100.00 -100.00
  12    80.922 54769.12402979 34.79 286.873711  -3.590386 16.906 -100.00 -100.00 -100.00
  13    83.139 54779.03966884 42.62 286.872462  -3.581796 21.909 -100.00 -100.00 -100.00
  13    82.792 54779.03966943 45.72 286.873358  -3.584296   -100 -100.00 -100.00 -100.00
  13    82.690 54779.03967002 44.62 286.874254  -3.586797   -100 -100.00 -100.00 -100.00
  13    82.727 54779.03967061 48.86 286.875150  -3.589298   -100 -100.00 -100.00 -100.00
  14    82.085 54788.95530757 29.57 286.873881  -3.581827  9.307 -100.00 -100.00 -100.00
  14    84.466 54788.95530816 28.28 286.874777  -3.584328  7.068 -100.00 -100.00 -100.00
  14    84.849 54788.95530876 29.29 286.875673  -3.586829  8.146 -100.00 -100.00 -100.00
  15    89.856 54798.87094491 28.53 286.873737  -3.578956 22.750 -100.00 -100.00 -100.00
  15    89.856 54798.87094550 22.88 286.874634  -3.581457  9.893 -100.00 -100.00 -100.00
  15    88.494 54798.87094609 22.86 286.875530  -3.583957 11.532 -100.00 -100.00 -100.00
  15    88.334 54798.87094668 20.72 286.876426  -3.586458  7.488 -100.00 -100.00 -100.00
  17    89.344 54818.70222074 28.14 286.877223  -3.575367 17.268 -100.00 -100.00 -100.00
  17    89.553 54818.70222133 22.29 286.878119  -3.577867  7.280 -100.00 -100.00 -100.00
  17    84.010 54818.70222192 22.86 286.879015  -3.580368  7.627 -100.00 -100.00 -100.00
  17    84.263 54818.70222251 22.63 286.879911  -3.582868  6.905 -100.00 -100.00 -100.00
  18    89.718 54828.61787365 24.92 286.876487  -3.577917 26.191 -100.00 -100.00 -100.00
  18    89.717 54828.61787424 19.80 286.877383  -3.580418 11.562 -100.00 -100.00 -100.00
  18    83.994 54828.61787483 21.20 286.878279  -3.582918 19.043 -100.00 -100.00 -100.00
  18    84.370 54828.61787542 21.85 286.879175  -3.585419 18.672 -100.00 -100.00 -100.00
  19    89.798 54838.53351347 24.46 286.873985  -3.580412  6.849 -100.00 -100.00 -100.00
  19    89.586 54838.53351406 22.50 286.874881  -3.582913  5.359 -100.00 -100.00 -100.00
  19    84.257 54838.53351465 22.63 286.875777  -3.585413  5.042 -100.00 -100.00 -100.00
  19    84.402 54838.53351524 23.53 286.876673  -3.587914  7.394 -100.00 -100.00 -100.00
  20    84.386 54848.44916385 35.10 286.871294  -3.585009   -100 -100.00 -100.00 -100.00
  20    84.236 54848.44916444 27.39 286.872190  -3.587509 20.995 -100.00 -100.00 -100.00
  20    84.271 54848.44916503 26.05 286.873086  -3.590010 16.154 -100.00 -100.00 -100.00
  21    85.322 54858.36481251 39.53 286.868457  -3.585045   -100 -100.00 -100.00 -100.00
  21    85.442 54858.36481310 40.57 286.869353  -3.587546   -100 -100.00 -100.00 -100.00
  21    85.157 54858.36481369 42.36 286.870249  -3.590046   -100 -100.00 -100.00 -100.00
  21    85.441 54858.36481428 42.26 286.871145  -3.592546   -100 -100.00 -100.00 -100.00
  22    86.027 54868.28046131 38.62 286.867759  -3.585477 23.246 -100.00 -100.00 -100.00
  22    85.641 54868.28046190 41.89 286.868655  -3.587978   -100 -100.00 -100.00 -100.00
  22    85.611 54868.28046249 42.96 286.869551  -3.590478  0.146 -100.00 -100.00 -100.00
  22    85.529 54868.28046308 41.35 286.870447  -3.592978   -100 -100.00 -100.00 -100.00
  23    85.912 54878.19610905 33.05 286.868364  -3.584892 16.856 -100.00 -100.00 -100.00
  23    85.671 54878.19610964 33.78 286.869260  -3.587392 16.561 -100.00 -100.00 -100.00
  23    85.361 54878.19611023 34.97 286.870156  -3.589892 23.025 -100.00 -100.00 -100.00
  23    85.479 54878.19611082 34.13 286.871052  -3.592392 17.720 -100.00 -100.00 -100.00
  24    86.991 54888.11175354 39.46 286.869630  -3.583521 20.372 -100.00 -100.00 -100.00
  24    86.465 54888.11175413 43.96 286.870526  -3.586021   -100 -100.00 -100.00 -100.00
  24    86.280 54888.11175472 38.46 286.871422  -3.588522 30.145 -100.00 -100.00 -100.00
  24    86.268 54888.11175531 35.60 286.872318  -3.591022 19.368 -100.00 -100.00 -100.00
  25    86.439 54898.02739499 38.73 286.869784  -3.584248   -100 -100.00 -100.00 -100.00
  25    86.330 54898.02739558 38.17 286.870680  -3.586748   -100 -100.00 -100.00 -100.00
  25    86.186 54898.02739617 33.16 286.871576  -3.589249 30.222 -100.00 -100.00 -100.00
  25    85.924 54898.02739676 37.08 286.872472  -3.591749   -100 -100.00 -100.00 -100.00
  26    86.523 54907.94303392 36.06 286.868552  -3.584669   -100 -100.00 -100.00 -100.00
  26    88.705 54907.94303451 26.77 286.869448  -3.587169  9.370 -100.00 -100.00 -100.00
  26    86.168 54907.94303510 30.88 286.870344  -3.589669 19.902 -100.00 -100.00 -100.00
  26    86.264 54907.94303569 34.59 286.871240  -3.592169   -100 -100.00 -100.00 -100.00
  27    88.627 54917.85867214 30.85 286.868868  -3.586023 19.539 -100.00 -100.00 -100.00
  27    86.633 54917.85867273 28.35 286.869764  -3.588523 14.188 -100.00 -100.00 -100.00
  27    86.481 54917.85867332 34.14 286.870660  -3.591023   -100 -100.00 -100.00 -100.00
  27    86.564 54917.85867391 36.89 286.871556  -3.593523   -100 -100.00 -100.00 -100.00
  28    86.874 54927.77430996 33.25 286.870269  -3.584435 27.891 -100.00 -100.00 -100.00
  28    86.459 54927.77431055 30.96 286.871165  -3.586935 20.684 -100.00 -100.00 -100.00
  28    86.604 54927.77431114 31.47 286.872061  -3.589435 21.862 -100.00 -100.00 -100.00
  28    86.589 54927.77431173 36.84 286.872957  -3.591936   -100 -100.00 -100.00 -100.00
  29    88.513 54937.68994684 34.73 286.872650  -3.580701 24.868 -100.00 -100.00 -100.00
  29    86.995 54937.68994743 26.97 286.873546  -3.583201  7.975 -100.00 -100.00 -100.00
  29    86.526 54937.68994802 31.77 286.874442  -3.585702 17.939 -100.00 -100.00 -100.00
  29    86.820 54937.68994861 35.02 286.875338  -3.588202 27.383 -100.00 -100.00 -100.00
  30    89.505 54947.60558204 36.45 286.875497  -3.577081 27.759 -100.00 -100.00 -100.00
  30    90.048 54947.60558263 30.50 286.876393  -3.579581 11.989 -100.00 -100.00 -100.00
  30    87.127 54947.60558322 31.84 286.877289  -3.582081 14.504 -100.00 -100.00 -100.00
  30    87.036 54947.60558381 34.78 286.878185  -3.584582 23.724 -100.00 -100.00 -100.00
  31    87.692 54957.52121723 33.22 286.878256  -3.575739 16.132 -100.00 -100.00 -100.00
  31    87.306 54957.52121782 32.43 286.879152  -3.578240 17.150 -100.00 -100.00 -100.00
  31    87.217 54957.52121841 34.19 286.880048  -3.580740 21.462 -100.00 -100.00 -100.00
  31    87.308 54957.52121900 36.49 286.880944  -3.583240 29.303 -100.00 -100.00 -100.00
  32    89.731 54967.43686587 30.75 286.876008  -3.576697 13.502 -100.00 -100.00 -100.00
  32    87.133 54967.43686646 31.33 286.876904  -3.579197 20.999 -100.00 -100.00 -100.00
  32    87.249 54967.43686705 31.93 286.877800  -3.581698 21.181 -100.00 -100.00 -100.00
  32    87.491 54967.43686764 31.72 286.878696  -3.584198 21.363 -100.00 -100.00 -100.00
  33    90.119 54977.35251343 31.59 286.874406  -3.578781 17.281 -100.00 -100.00 -100.00
  33    87.190 54977.35251402 29.91 286.875302  -3.581281 15.024 -100.00 -100.00 -100.00
  33    87.001 54977.35251461 32.53 286.876198  -3.583782 23.439 -100.00 -100.00 -100.00
  33    87.067 54977.35251520 36.70 286.877094  -3.586282   -100 -100.00 -100.00 -100.00
  35    86.353 54997.18380799 42.92 286.873604  -3.580841   -100 -100.00 -100.00 -100.00
  35    86.357 54997.18380858 36.12 286.874500  -3.583341 15.854 -100.00 -100.00 -100.00
  35    86.219 54997.18380917 37.63 286.875396  -3.585841 18.336 -100.00 -100.00 -100.00
  35    86.256 54997.18380976 36.64 286.876292  -3.588342 17.150 -100.00 -100.00 -100.00
  36    85.518 55007.09945340 40.20 286.873683  -3.581055 27.485 -100.00 -100.00 -100.00
  36    85.417 55007.09945399 36.70 286.874579  -3.583555 14.441 -100.00 -100.00 -100.00
  36    85.211 55007.09945458 36.50 286.875475  -3.586056 16.020 -100.00 -100.00 -100.00
  36    85.285 55007.09945517 35.19 286.876371  -3.588556 14.429 -100.00 -100.00 -100.00
  37    90.104 55017.01509679 26.64 286.873460  -3.581746  7.076 -100.00 -100.00 -100.00
  37    85.065 55017.01509738 26.49 286.874356  -3.584246  6.996 -100.00 -100.00 -100.00
  37    85.287 55017.01509797 29.33 286.875252  -3.586747 11.341 -100.00 -100.00 -100.00
  37    85.382 55017.01509856 33.51 286.876148  -3.589248 19.380 -100.00 -100.00 -100.00
  38    84.375 55026.93073899 29.90 286.872776  -3.582886 11.530 -100.00 -100.00 -100.00
  38    84.485 55026.93073958 27.95 286.873672  -3.585387  8.340 -100.00 -100.00 -100.00
  38    84.741 55026.93074017 28.91 286.874568  -3.587888  8.537 -100.00 -100.00 -100.00
  39    83.764 55036.84638073 28.44 286.872122  -3.582932  9.953 -100.00 -100.00 -100.00
  39    83.950 55036.84638132 27.77 286.873018  -3.585432  8.944 -100.00 -100.00 -100.00
  39    84.433 55036.84638191 28.76 286.873914  -3.587933 11.267 -100.00 -100.00 -100.00
  39    84.486 55036.84638251 33.71 286.874810  -3.590434 23.833 -100.00 -100.00 -100.00
  40    89.934 55046.76202179 26.36 286.873556  -3.582222 17.253 -100.00 -100.00 -100.00
  40    84.699 55046.76202238 24.77 286.874451  -3.584723 16.537 -100.00 -100.00 -100.00
  40    84.587 55046.76202297 29.74 286.875347  -3.587223   -100 -100.00 -100.00 -100.00
  41    90.435 55056.67766063 27.22 286.876067  -3.578640  9.682 -100.00 -100.00 -100.00
  41    83.976 55056.67766122 26.82 286.876963  -3.581141  9.820 -100.00 -100.00 -100.00
  41    84.122 55056.67766181 27.85 286.877859  -3.583641 11.782 -100.00 -100.00 -100.00
  41    84.395 55056.67766240 28.79 286.878755  -3.586142 13.827 -100.00 -100.00 -100.00
  42    90.199 55066.59329687 20.92 286.877699  -3.573902  7.342 -100.00 -100.00 -100.00
  42    90.196 55066.59329746 22.65 286.878595  -3.576403  9.516 -100.00 -100.00 -100.00
  42    90.137 55066.59329805 19.72 286.879491  -3.578904  6.987 -100.00 -100.00 -100.00
  42    83.981 55066.59329864 27.54 286.880387  -3.581405 22.412 -100.00 -100.00 -100.00
  42    84.437 55066.59329923 28.00 286.881283  -3.583905 20.675 -100.00 -100.00 -100.00
  43    90.555 55076.50894759 26.00 286.875833  -3.577299  8.178 -100.00 -100.00 -100.00
  43    89.734 55076.50894818 25.34 286.876729  -3.579800  6.856 -100.00 -100.00 -100.00
  43    89.906 55076.50894878 24.75 286.877625  -3.582300  6.220 -100.00 -100.00 -100.00
  43    84.307 55076.50894937 25.44 286.878522  -3.584801  8.210 -100.00 -100.00 -100.00
  44    89.817 55086.42459617 27.29 286.873159  -3.582147 15.103 -100.00 -100.00 -100.00
  44    83.233 55086.42459676 29.07 286.874055  -3.584648 19.595 -100.00 -100.00 -100.00
  44    83.756 55086.42459735 28.83 286.874951  -3.587148 19.763 -100.00 -100.00 -100.00
  44    84.101 55086.42459794 35.04 286.875847  -3.589649 18.881 -100.00 -100.00 -100.00
  45    78.684 55096.34024248 26.74 286.870958  -3.584717  7.839 -100.00 -100.00 -100.00
  45    78.702 55096.34024307 27.39 286.871855  -3.587218  7.385 -100.00 -100.00 -100.00
  45    78.528 55096.34024366 27.28 286.872751  -3.589719  7.152 -100.00 -100.00 -100.00
  46    79.599 55106.25588798 30.49 286.870588  -3.585004 12.848 -100.00 -100.00 -100.00
  46    79.555 55106.25588857 29.29 286.871484  -3.587505 10.448 -100.00 -100.00 -100.00
  46    79.634 55106.25588916 28.15 286.872380  -3.590006  8.991 -100.00 -100.00 -100.00
  47    80.179 55116.17153295 30.37 286.871568  -3.584424 30.014 -100.00 -100.00 -100.00
  47    79.939 55116.17153354 26.03 286.872464  -3.586925 17.821 -100.00 -100.00 -100.00
  47    79.795 55116.17153413 26.85 286.873360  -3.589425 19.521 -100.00 -100.00 -100.00
  48    80.047 55126.08717528 34.56 286.872451  -3.582449 27.268 -100.00 -100.00 -100.00
  48    79.968 55126.08717587 27.41 286.873347  -3.584949 10.507 -100.00 -100.00 -100.00
  48    80.127 55126.08717646 27.09 286.874244  -3.587450  9.962 -100.00 -100.00 -100.00
  48    80.148 55126.08717706 27.41 286.875140  -3.589951  8.816 -100.00 -100.00 -100.00
  49    89.970 55136.00281562 28.26 286.873411  -3.582349  8.322 -100.00 -100.00 -100.00
  49    80.942 55136.00281621 27.63 286.874307  -3.584850  7.844 -100.00 -100.00 -100.00
  49    80.939 55136.00281680 26.76 286.875203  -3.587350  6.571 -100.00 -100.00 -100.00
  50    90.435 55145.91845362 31.90 286.873104  -3.580050 23.746 -100.00 -100.00 -100.00
  50    89.832 55145.91845421 25.38 286.874001  -3.582550 11.463 -100.00 -100.00 -100.00
  50    79.351 55145.91845480 25.41 286.874897  -3.585051 11.332 -100.00 -100.00 -100.00
  50    79.148 55145.91845539 26.48 286.875793  -3.587552 14.242 -100.00 -100.00 -100.00
  51    90.502 55155.83409173 31.41 286.873706  -3.579780   -100 -100.00 -100.00 -100.00
  51    90.319 55155.83409232 20.08 286.874602  -3.582280 15.324 -100.00 -100.00 -100.00
  51    90.336 55155.83409291 14.05 286.875499  -3.584781  6.488 -100.00 -100.00 -100.00
  51    90.099 55155.83409350 14.57 286.876395  -3.587281  6.972 -100.00 -100.00 -100.00
  52    90.782 55165.74973049 24.33 286.875279  -3.580286  6.557 -100.00 -100.00 -100.00
  52    90.385 55165.74973108 23.01 286.876175  -3.582786  6.373 -100.00 -100.00 -100.00
  52    81.648 55165.74973167 23.93 286.877071  -3.585287  8.085 -100.00 -100.00 -100.00
  53    90.342 55175.66536826 28.23 286.876356  -3.576783 19.422 -100.00 -100.00 -100.00
  53    90.437 55175.66536885 21.29 286.877252  -3.579283  7.721 -100.00 -100.00 -100.00
  53    83.769 55175.66536944 27.95 286.878148  -3.581784 26.116 -100.00 -100.00 -100.00
  53    84.145 55175.66537003 26.69 286.879044  -3.584284 21.186 -100.00 -100.00 -100.00
  54    90.565 55185.58101018 23.65 286.877615  -3.576223  9.290 -100.00 -100.00 -100.00
  54    89.285 55185.58101077 24.10 286.878511  -3.578724 10.988 -100.00 -100.00 -100.00
  54    84.341 55185.58101136 28.77 286.879407  -3.581225 23.988 -100.00 -100.00 -100.00
  54    84.549 55185.58101195 27.44 286.880303  -3.583725 19.573 -100.00 -100.00 -100.00
  55    90.533 55195.49666205 31.60 286.874975  -3.578228 19.692 -100.00 -100.00 -100.00
  55    90.398 55195.49666264 26.05 286.875871  -3.580728  8.264 -100.00 -100.00 -100.00
  55    85.054 55195.49666323 26.27 286.876767  -3.583229  7.986 -100.00 -100.00 -100.00
  55    84.829 55195.49666382 29.75 286.877663  -3.585729 16.814 -100.00 -100.00 -100.00
  56    85.018 55205.41231264 41.48 286.872030  -3.581560 23.344 -100.00 -100.00 -100.00
  56    84.900 55205.41231323 45.28 286.872926  -3.584060 32.560 -100.00 -100.00 -100.00
  56    84.541 55205.41231382 44.34 286.873822  -3.586561   -100 -100.00 -100.00 -100.00
  56    84.618 55205.41231441 44.05 286.874718  -3.589061   -100 -100.00 -100.00 -100.00
  57    83.294 55215.32796209 31.15 286.869957  -3.583172 20.038 -100.00 -100.00 -100.00
  57    82.426 55215.32796269 35.43 286.870853  -3.585672  2.986 -100.00 -100.00 -100.00
  57    83.581 55215.32796328 28.26 286.871749  -3.588173 24.576 -100.00 -100.00 -100.00
  57    83.863 55215.32796387 27.38 286.872645  -3.590673 25.853 -100.00 -100.00 -100.00
  58    89.502 55225.24361081 25.37 286.869351  -3.584286 18.676 -100.00 -100.00 -100.00
  58    89.338 55225.24361140 22.18 286.870246  -3.586786 13.289 -100.00 -100.00 -100.00
  58    84.181 55225.24361199 20.80 286.871142  -3.589287 11.430 -100.00 -100.00 -100.00
  58    88.593 55225.24361258 20.11 286.872038  -3.591787  9.133 -100.00 -100.00 -100.00
  59    83.854 55235.15925711 38.72 286.869588  -3.583705 28.515 -100.00 -100.00 -100.00
  59    83.880 55235.15925770 35.46 286.870484  -3.586205 18.173 -100.00 -100.00 -100.00
  59    83.945 55235.15925829 32.79 286.871379  -3.588705 12.109 -100.00 -100.00 -100.00
  59    84.185 55235.15925889 31.24 286.872275  -3.591206  8.661 -100.00 -100.00 -100.00
  60    84.768 55245.07490051 32.67 286.871333  -3.584722 15.756 -100.00 -100.00 -100.00
  60    84.822 55245.07490110 29.54 286.872229  -3.587222  7.592 -100.00 -100.00 -100.00
  60    84.638 55245.07490169 29.79 286.873124  -3.589723  8.334 -100.00 -100.00 -100.00
  61    84.608 55254.99054050 32.13 286.870774  -3.583696 30.200 -100.00 -100.00 -100.00
  61    89.105 55254.99054109 20.91 286.871670  -3.586196  7.389 -100.00 -100.00 -100.00
  61    85.313 55254.99054168 21.21 286.872566  -3.588696  8.435 -100.00 -100.00 -100.00
  61    84.532 55254.99054227 22.18 286.873462  -3.591196  8.464 -100.00 -100.00 -100.00
  62    84.297 55264.90617939 33.66 286.869674  -3.584232 23.659 -100.00 -100.00 -100.00
  62    84.091 55264.90617998 30.58 286.870570  -3.586732 15.682 -100.00 -100.00 -100.00
  62    82.177 55264.90618057 31.16 286.871466  -3.589232 20.287 -100.00 -100.00 -100.00
  62    84.259 55264.90618116 30.41 286.872362  -3.591733 15.431 -100.00 -100.00 -100.00
  63    84.988 55274.82181789 31.47 286.870073  -3.585370 17.824 -100.00 -100.00 -100.00
  63    84.664 55274.82181848 31.99 286.870969  -3.587871 22.077 -100.00 -100.00 -100.00
  63    84.138 55274.82181907 33.02 286.871865  -3.590371 25.532 -100.00 -100.00 -100.00
  64    87.975 55284.73745498 33.89 286.871343  -3.581800 27.591 -100.00 -100.00 -100.00
  64    85.130 55284.73745557 26.63 286.872239  -3.584300  9.643 -100.00 -100.00 -100.00
  64    84.696 55284.73745616 27.28 286.873135  -3.586800 11.445 -100.00 -100.00 -100.00
  64    84.700 55284.73745675 26.98 286.874031  -3.589301 10.431 -100.00 -100.00 -100.00
  65    90.433 55294.65309080 31.39 286.874666  -3.579088 30.337 -100.00 -100.00 -100.00
  65    90.384 55294.65309139 23.59 286.875562  -3.581589 11.034 -100.00 -100.00 -100.00
  65    86.551 55294.65309198 22.65 286.876458  -3.584089  8.448 -100.00 -100.00 -100.00
  65    84.949 55294.65309257 26.30 286.877354  -3.586589 16.937 -100.00 -100.00 -100.00
  66    90.264 55304.56872900 32.86 286.876034  -3.576077 14.511 -100.00 -100.00 -100.00
  66    85.906 55304.56872959 33.99 286.876930  -3.578577 23.707 -100.00 -100.00 -100.00
  66    85.839 55304.56873018 30.43 286.877826  -3.581078 14.288 -100.00 -100.00 -100.00
  66    85.687 55304.56873077 28.69 286.878722  -3.583578 11.293 -100.00 -100.00 -100.00
  66    85.696 55304.56873136 27.47 286.879618  -3.586078  8.659 -100.00 -100.00 -100.00
  67    90.533 55314.48437707 33.16 286.874704  -3.578787 24.437 -100.00 -100.00 -100.00
  67    85.740 55314.48437766 30.37 286.875600  -3.581288 20.480 -100.00 -100.00 -100.00
  67    85.720 55314.48437825 26.67 286.876496  -3.583788 11.126 -100.00 -100.00 -100.00
  67    85.405 55314.48437884 28.04 286.877393  -3.586288 14.927 -100.00 -100.00 -100.00
  68    87.530 55324.40002303 29.45 286.873679  -3.581573 19.265 -100.00 -100.00 -100.00
  68    85.358 55324.40002362 27.63 286.874575  -3.584073 15.425 -100.00 -100.00 -100.00
  68    85.330 55324.40002421 26.14 286.875471  -3.586573 11.744 -100.00 -100.00 -100.00
  68    85.240 55324.40002480 27.89 286.876367  -3.589074 16.137 -100.00 -100.00 -100.00
  69    85.738 55334.31566693 42.06 286.872948  -3.582012   -100 -100.00 -100.00 -100.00
  69    85.980 55334.31566752 42.85 286.873844  -3.584512   -100 -100.00 -100.00 -100.00
  69    85.929 55334.31566811 43.84 286.874740  -3.587012   -100 -100.00 -100.00 -100.00
  69    86.137 55334.31566870 45.03 286.875636  -3.589512   -100 -100.00 -100.00 -100.00
  70    90.156 55344.23131019 29.15 286.872636  -3.581320 15.069 -100.00 -100.00 -100.00
  70    84.998 55344.23131078 28.86 286.873532  -3.583820 15.337 -100.00 -100.00 -100.00
  70    84.956 55344.23131137 28.65 286.874428  -3.586320 16.445 -100.00 -100.00 -100.00
  70    84.616 55344.23131196 31.58 286.875324  -3.588821 22.077 -100.00 -100.00 -100.00
  71    84.614 55354.14695313 31.88 286.873537  -3.582145  8.546 -100.00 -100.00 -100.00
  71    84.376 55354.14695372 31.78 286.874433  -3.584645  9.745 -100.00 -100.00 -100.00
  71    84.592 55354.14695431 31.89 286.875329  -3.587146  9.140 -100.00 -100.00 -100.00
  72    83.734 55364.06259364 39.15 286.874122  -3.581443 29.877 -100.00 -100.00 -100.00
  72    83.539 55364.06259423 40.27 286.875018  -3.583944   -100 -100.00 -100.00 -100.00
  72    83.418 55364.06259482 43.10 286.875914  -3.586444   -100 -100.00 -100.00 -100.00
  73    90.457 55373.97823227 30.90 286.874327  -3.579722 29.493 -100.00 -100.00 -100.00
  73    90.266 55373.97823286 21.30 286.875223  -3.582223  6.358 -100.00 -100.00 -100.00
  73    89.787 55373.97823345 20.73 286.876119  -3.584723  7.454 -100.00 -100.00 -100.00
  73    87.025 55373.97823404 19.87 286.877015  -3.587224  5.961 -100.00 -100.00 -100.00
  74    90.638 55383.89387008 31.22 286.875137  -3.578599 17.190 -100.00 -100.00 -100.00
  74    90.359 55383.89387067 25.01 286.876033  -3.581100  6.273 -100.00 -100.00 -100.00
  74    83.926 55383.89387126 24.23 286.876929  -3.583600  5.866 -100.00 -100.00 -100.00
  74    84.294 55383.89387185 23.64 286.877825  -3.586101  5.798 -100.00 -100.00 -100.00
  75    90.638 55393.80950720 27.29 286.876184  -3.577074 23.060 -100.00 -100.00 -100.00
  75    90.666 55393.80950779 20.14 286.877080  -3.579575  9.013 -100.00 -100.00 -100.00
  75    90.455 55393.80950838 18.54 286.877976  -3.582076  8.200 -100.00 -100.00 -100.00
  75    89.745 55393.80950897 18.78 286.878872  -3.584577  9.104 -100.00 -100.00 -100.00
  76    90.342 55403.72514453 22.97 286.878548  -3.576025 17.455 -100.00 -100.00 -100.00
  76    90.571 55403.72514512 17.46 286.879444  -3.578526  6.517 -100.00 -100.00 -100.00
  76    90.373 55403.72514571 15.82 286.880340  -3.581026  5.175 -100.00 -100.00 -100.00
  76    89.821 55403.72514630 18.70 286.881236  -3.583527  9.586 -100.00 -100.00 -100.00
  77    90.420 55413.64079653 24.16 286.876929  -3.577057 17.345 -100.00 -100.00 -100.00
  77    90.500 55413.64079712 19.81 286.877825  -3.579558 10.163 -100.00 -100.00 -100.00
  77    90.324 55413.64079771 16.38 286.878721  -3.582059  6.403 -100.00 -100.00 -100.00
  77    89.668 55413.64079830 17.20 286.879617  -3.584559  7.822 -100.00 -100.00 -100.00
  78    90.495 55423.55644549 31.43 286.874860  -3.577365 25.192 -100.00 -100.00 -100.00
  78    90.681 55423.55644608 26.05 286.875756  -3.579866 13.654 -100.00 -100.00 -100.00
  78    90.447 55423.55644667 22.22 286.876653  -3.582367  6.908 -100.00 -100.00 -100.00
  78    79.112 55423.55644726 22.50 286.877549  -3.584868  8.192 -100.00 -100.00 -100.00
  79    90.546 55433.47209209 32.43 286.873415  -3.579332 29.413 -100.00 -100.00 -100.00
  79    90.279 55433.47209268 22.82 286.874312  -3.581833  9.014 -100.00 -100.00 -100.00
  79    77.311 55433.47209327 22.79 286.875208  -3.584333  9.488 -100.00 -100.00 -100.00
  79    77.091 55433.47209386 21.56 286.876104  -3.586834  7.995 -100.00 -100.00 -100.00
  80    90.389 55443.38773715 17.92 286.872302  -3.583080  6.225 -100.00 -100.00 -100.00
  80    89.295 55443.38773774 19.12 286.873198  -3.585581  9.351 -100.00 -100.00 -100.00
  80    89.663 55443.38773833 19.11 286.874094  -3.588081  8.743 -100.00 -100.00 -100.00
  80    83.210 55443.38773892 18.29 286.874991  -3.590582  7.647 -100.00 -100.00 -100.00
  81    90.394 55453.30337986 18.49 286.871209  -3.583113 13.236 -100.00 -100.00 -100.00
  81    90.390 55453.30338045 15.25 286.872105  -3.585614  7.239 -100.00 -100.00 -100.00
  81    90.221 55453.30338104 15.32 286.873001  -3.588115  7.728 -100.00 -100.00 -100.00
  81    89.650 55453.30338164 16.85 286.873897  -3.590615 10.573 -100.00 -100.00 -100.00
  82    90.495 55463.21902149 20.29 286.871817  -3.581724  8.499 -100.00 -100.00 -100.00
  82    89.885 55463.21902208 19.80 286.872713  -3.584225 10.152 -100.00 -100.00 -100.00
  82    89.922 55463.21902267 19.20 286.873609  -3.586725  9.559 -100.00 -100.00 -100.00
  82    77.491 55463.21902327 19.81 286.874505  -3.589226  9.985 -100.00 -100.00 -100.00
  83    90.574 55473.13466101 26.84 286.873987  -3.579950 23.233 -100.00 -100.00 -100.00
  83    90.356 55473.13466160 17.68 286.874883  -3.582451  6.118 -100.00 -100.00 -100.00
  83    88.998 55473.13466219 19.83 286.875779  -3.584951 11.350 -100.00 -100.00 -100.00
  83    76.438 55473.13466278 20.91 286.876675  -3.587452 11.631 -100.00 -100.00 -100.00
  84    90.484 55483.05029751 27.53 286.875683  -3.577235 27.327 -100.00 -100.00 -100.00
  84    90.553 55483.05029810 24.26 286.876579  -3.579735 21.100 -100.00 -100.00 -100.00
  84    90.489 55483.05029869 19.45 286.877475  -3.582236  9.779 -100.00 -100.00 -100.00
  84    76.262 55483.05029928 18.53 286.878371  -3.584737  8.621 -100.00 -100.00 -100.00
  85    90.268 55492.96593224 30.32 286.876807  -3.575994 20.470 -100.00 -100.00 -100.00
  85    90.078 55492.96593283 23.30 286.877704  -3.578494  8.054 -100.00 -100.00 -100.00
  85    89.679 55492.96593342 24.00 286.878600  -3.580995  8.786 -100.00 -100.00 -100.00
  85    77.434 55492.96593402 24.21 286.879496  -3.583495  9.832 -100.00 -100.00 -100.00
  86    90.323 55502.88156562 22.81 286.877590  -3.573860 20.605 -100.00 -100.00 -100.00
  86    90.626 55502.88156622 21.52 286.878486  -3.576361 15.739 -100.00 -100.00 -100.00
  86    90.528 55502.88156681 16.30 286.879382  -3.578862  9.233 -100.00 -100.00 -100.00
  86    90.451 55502.88156740 13.46 286.880278  -3.581362  4.739 -100.00 -100.00 -100.00
  86    89.887 55502.88156799 14.21 286.881175  -3.583863  6.737 -100.00 -100.00 -100.00
  87    90.474 55512.79721304 24.52 286.876893  -3.576983 11.486 -100.00 -100.00 -100.00
  87    90.445 55512.79721363 21.74 286.877789  -3.579484  7.724 -100.00 -100.00 -100.00
  87    90.418 55512.79721422 21.43 286.878685  -3.581985  7.315 -100.00 -100.00 -100.00
  87    89.728 55512.79721481 21.16 286.879581  -3.584485  7.386 -100.00 -100.00 -100.00
  88    90.401 55522.71286307 26.19 286.875233  -3.577438 26.324 -100.00 -100.00 -100.00
  88    90.425 55522.71286367 22.56 286.876129  -3.579938 21.780 -100.00 -100.00 -100.00
  88    90.282 55522.71286426 18.12 286.877025  -3.582439 12.480 -100.00 -100.00 -100.00
  88    89.688 55522.71286485 15.64 286.877921  -3.584940  9.964 -100.00 -100.00 -100.00
  89    90.383 55532.62851224 24.99 286.874557  -3.579980  8.748 -100.00 -100.00 -100.00
  89    80.281 55532.62851283 23.30 286.875453  -3.582480  7.338 -100.00 -100.00 -100.00
  89    80.135 55532.62851342 22.05 286.876349  -3.584981  6.685 -100.00 -100.00 -100.00
  89    80.190 55532.62851401 21.30 286.877245  -3.587482  5.100 -100.00 -100.00 -100.00
  90    89.632 55542.54415934 23.63 286.873335  -3.580987 17.805 -100.00 -100.00 -100.00
  90    89.326 55542.54415993 21.45 286.874231  -3.583488 17.673 -100.00 -100.00 -100.00
  90    77.920 55542.54416052 25.00 286.875127  -3.585989 29.034 -100.00 -100.00 -100.00
  90    78.567 55542.54416111 22.29 286.876023  -3.588489 19.275 -100.00 -100.00 -100.00
  91    80.465 55552.45980458 28.07 286.872599  -3.583059 10.158 -100.00 -100.00 -100.00
  91    80.494 55552.45980517 27.42 286.873495  -3.585560 11.360 -100.00 -100.00 -100.00
  91    80.397 55552.45980577 28.01 286.874391  -3.588060 12.357 -100.00 -100.00 -100.00
  92    82.306 55562.37544770 32.90 286.871266  -3.582534 26.442 -100.00 -100.00 -100.00
  92    81.971 55562.37544829 35.25 286.872162  -3.585035   -100 -100.00 -100.00 -100.00
  92    82.050 55562.37544889 33.27 286.873058  -3.587535   -100 -100.00 -100.00 -100.00
  92    81.860 55562.37544948 40.33 286.873954  -3.590036 15.600 -100.00 -100.00 -100.00
  93    87.476 55572.29109003 31.22 286.871792  -3.581735   -100 -100.00 -100.00 -100.00
  93    82.063 55572.29109062 26.60 286.872688  -3.584235 30.589 -100.00 -100.00 -100.00
  93    81.926 55572.29109121 23.00 286.873584  -3.586736 19.216 -100.00 -100.00 -100.00
  93    81.994 55572.29109180 18.42 286.874480  -3.589236 10.984 -100.00 -100.00 -100.00
  94    86.562 55582.20673104 29.50 286.873453  -3.581010 26.794 -100.00 -100.00 -100.00
  94    89.109 55582.20673163 22.23 286.874349  -3.583510  8.960 -100.00 -100.00 -100.00
  94    81.940 55582.20673222 24.66 286.875245  -3.586010 15.717 -100.00 -100.00 -100.00
  94    81.984 55582.20673281 23.43 286.876140  -3.588511 12.882 -100.00 -100.00 -100.00
  95    82.270 55592.12236818 35.34 286.874617  -3.577694 18.457 -100.00 -100.00 -100.00
  95    81.445 55592.12236877 36.97 286.875513  -3.580194   -100 -100.00 -100.00 -100.00
  95    81.171 55592.12236936 34.94 286.876409  -3.582694   -100 -100.00 -100.00 -100.00
  95    81.361 55592.12236995 34.78 286.877305  -3.585195   -100 -100.00 -100.00 -100.00
  96    89.550 55602.03800252 20.99 286.876706  -3.576614 11.508 -100.00 -100.00 -100.00
  96    89.034 55602.03800311 21.01 286.877602  -3.579114 12.761 -100.00 -100.00 -100.00
  96    90.286 55602.03800370 19.56 286.878498  -3.581615 10.398 -100.00 -100.00 -100.00
  96    90.011 55602.03800429 18.60 286.879394  -3.584115  7.290 -100.00 -100.00 -100.00
  97    83.213 55611.95363487 21.44 286.878225  -3.575405  5.775 -100.00 -100.00 -100.00
  97    83.061 55611.95363546 24.06 286.879121  -3.577906 10.396 -100.00 -100.00 -100.00
  97    82.974 55611.95363605 22.62 286.880018  -3.580406  8.433 -100.00 -100.00 -100.00
  97    83.170 55611.95363664 22.64 286.880914  -3.582906  8.211 -100.00 -100.00 -100.00
  98    83.711 55621.86926862 24.31 286.879155  -3.573754 11.058 -100.00 -100.00 -100.00
  98    83.563 55621.86926922 23.88 286.880051  -3.576254 11.065 -100.00 -100.00 -100.00
  98    89.043 55621.86926981 21.58 286.880947  -3.578754  6.526 -100.00 -100.00 -100.00
  98    83.406 55621.86927040 20.74 286.881843  -3.581255  6.058 -100.00 -100.00 -100.00
  99    90.217 55631.78492259 23.05 286.876845  -3.577881 11.596 -100.00 -100.00 -100.00
  99    89.619 55631.78492318 21.97 286.877741  -3.580381 10.264 -100.00 -100.00 -100.00
  99    89.482 55631.78492377 20.53 286.878637  -3.582882  6.980 -100.00 -100.00 -100.00
  99    84.319 55631.78492436 22.24 286.879533  -3.585382 10.831 -100.00 -100.00 -100.00
 100    89.977 55641.70057407 26.31 286.875752  -3.579363  7.063 -100.00 -100.00 -100.00
 100    84.886 55641.70057466 27.10 286.876648  -3.581863  9.511 -100.00 -100.00 -100.00
 100    84.789 55641.70057525 28.31 286.877544  -3.584364 10.755 -100.00 -100.00 -100.00
 100    84.606 55641.70057584 29.38 286.878440  -3.586864 13.178 -100.00 -100.00 -100.00
 101    86.071 55651.61622232 32.57 286.874905  -3.578547 16.129 -100.00 -100.00 -100.00
 101    85.879 55651.61622291 27.28 286.875801  -3.581048  9.185 -100.00 -100.00 -100.00
 101    85.593 55651.61622350 30.57 286.876697  -3.583548 15.084 -100.00 -100.00 -100.00
 101    85.589 55651.61622409 30.23 286.877593  -3.586048 14.656 -100.00 -100.00 -100.00
 102    90.386 55661.53186680 29.93 286.874123  -3.578613 14.751 -100.00 -100.00 -100.00
 102    86.787 55661.53186739 26.76 286.875019  -3.581113  9.982 -100.00 -100.00 -100.00
 102    86.520 55661.53186798 29.21 286.875915  -3.583614 15.036 -100.00 -100.00 -100.00
 102    86.542 55661.53186857 33.78 286.876811  -3.586114 27.753 -100.00 -100.00 -100.00
 103    87.438 55671.44750853 33.86 286.873945  -3.581736 15.694 -100.00 -100.00 -100.00
 103    87.311 55671.44750912 32.20 286.874841  -3.584236 11.368 -100.00 -100.00 -100.00
 103    87.421 55671.44750971 35.32 286.875737  -3.586736 16.756 -100.00 -100.00 -100.00
 104    87.755 55681.36314749 40.29 286.873405  -3.580934   -100 -100.00 -100.00 -100.00
 104    87.695 55681.36314808 32.84 286.874301  -3.583434 17.742 -100.00 -100.00 -100.00
 104    87.703 55681.36314867 34.02 286.875197  -3.585934 23.191 -100.00 -100.00 -100.00
 104    87.834 55681.36314926 38.07 286.876093  -3.588434   -100 -100.00 -100.00 -100.00
 105    87.711 55691.27878445 40.19 286.875040  -3.579191   -100 -100.00 -100.00 -100.00
 105    87.648 55691.27878504 34.73 286.875936  -3.581691 16.309 -100.00 -100.00 -100.00
 105    87.586 55691.27878563 33.77 286.876832  -3.584191 15.125 -100.00 -100.00 -100.00
 105    87.638 55691.27878622 37.44 286.877728  -3.586692 26.418 -100.00 -100.00 -100.00
 106    87.226 55701.19441957 31.01 286.877664  -3.576754 10.978 -100.00 -100.00 -100.00
 106    87.208 55701.19442016 31.06 286.878559  -3.579254 10.212 -100.00 -100.00 -100.00
 106    87.123 55701.19442075 34.01 286.879455  -3.581754 17.036 -100.00 -100.00 -100.00
 106    87.238 55701.19442134 36.55 286.880351  -3.584255 25.290 -100.00 -100.00 -100.00
 107    86.964 55711.11005939 40.01 286.878131  -3.573829 20.926 -100.00 -100.00 -100.00
 107    86.300 55711.11005998 41.12 286.879027  -3.576330   -100 -100.00 -100.00 -100.00
 107    86.371 55711.11006057 46.78 286.879923  -3.578830  5.135 -100.00 -100.00 -100.00
 107    86.357 55711.11006116 45.14 286.880818  -3.581330   -100 -100.00 -100.00 -100.00
 107    86.301 55711.11006175 43.17 286.881714  -3.583831   -100 -100.00 -100.00 -100.00
 108    85.910 55721.02570898 36.00 286.876044  -3.576216 24.349 -100.00 -100.00 -100.00
 108    85.560 55721.02570957 34.44 286.876940  -3.578716 23.668 -100.00 -100.00 -100.00
 108    85.556 55721.02571016 30.04 286.877836  -3.581217 11.172 -100.00 -100.00 -100.00
 108    85.382 55721.02571075 32.31 286.878732  -3.583717 17.653 -100.00 -100.00 -100.00
 109    89.950 55730.94135704 28.86 286.874665  -3.580539 15.309 -100.00 -100.00 -100.00
 109    84.863 55730.94135763 28.65 286.875561  -3.583039 14.788 -100.00 -100.00 -100.00
 109    84.613 55730.94135822 31.93 286.876457  -3.585540 23.337 -100.00 -100.00 -100.00
 109    85.377 55730.94135881 34.14 286.877353  -3.588040 30.639 -100.00 -100.00 -100.00
 110    89.779 55740.85700300 31.66 286.873005  -3.579782 21.363 -100.00 -100.00 -100.00
 110    89.614 55740.85700359 27.12 286.873900  -3.582283 14.050 -100.00 -100.00 -100.00
 110    85.109 55740.85700418 26.09 286.874796  -3.584783 11.406 -100.00 -100.00 -100.00
 110    84.802 55740.85700477 33.47 286.875692  -3.587284   -100 -100.00 -100.00 -100.00
 111    90.009 55750.77264831 31.50 286.873034  -3.580131   -100 -100.00 -100.00 -100.00
 111    83.773 55750.77264890 28.50 286.873930  -3.582631 28.788 -100.00 -100.00 -100.00
 111    84.366 55750.77264949 28.48 286.874826  -3.585132 27.493 -100.00 -100.00 -100.00
 111    84.485 55750.77265008 31.06 286.875722  -3.587633   -100 -100.00 -100.00 -100.00
 112    90.081 55760.68829164 27.35 286.874610  -3.580951 10.235 -100.00 -100.00 -100.00
 112    84.136 55760.68829223 26.65 286.875506  -3.583452  9.204 -100.00 -100.00 -100.00
 112    84.201 55760.68829282 30.42 286.876402  -3.585953 16.227 -100.00 -100.00 -100.00
 113    90.187 55770.60393112 29.35 286.874747  -3.577478 12.262 -100.00 -100.00 -100.00
 113    89.991 55770.60393171 25.75 286.875643  -3.579979  9.333 -100.00 -100.00 -100.00
 113    86.520 55770.60393230 25.60 286.876539  -3.582479  9.111 -100.00 -100.00 -100.00
 113    84.092 55770.60393289 31.38 286.877435  -3.584980 21.990 -100.00 -100.00 -100.00
 114    90.085 55780.51956781 28.81 286.875395  -3.576657  8.293 -100.00 -100.00 -100.00
 114    89.486 55780.51956840 30.10 286.876292  -3.579158 11.687 -100.00 -100.00 -100.00
 114    83.179 55780.51956899 29.44 286.877188  -3.581658  8.932 -100.00 -100.00 -100.00
 114    83.981 55780.51956958 28.89 286.878084  -3.584159  8.627 -100.00 -100.00 -100.00
 114    84.263 55780.51957017 29.17 286.878980  -3.586660  9.420 -100.00 -100.00 -100.00
 115    80.365 55790.43520183 34.45 286.876687  -3.576300 16.761 -100.00 -100.00 -100.00
 115    79.743 55790.43520242 34.52 286.877583  -3.578801 25.654 -100.00 -100.00 -100.00
 115    83.375 55790.43520301 30.11 286.878480  -3.581301 14.531 -100.00 -100.00 -100.00
 115    83.913 55790.43520360 30.82 286.879376  -3.583802 14.385 -100.00 -100.00 -100.00
 116    77.878 55800.35083399 26.76 286.878396  -3.573587 11.716 -100.00 -100.00 -100.00
 116    77.322 55800.35083458 31.87 286.879292  -3.576087 26.028 -100.00 -100.00 -100.00
 116    77.559 55800.35083517 29.64 286.880188  -3.578588 19.705 -100.00 -100.00 -100.00
 116    77.613 55800.35083576 32.41 286.881084  -3.581089 25.170 -100.00 -100.00 -100.00
 116    77.765 55800.35083635 34.09 286.881980  -3.583589 30.412 -100.00 -100.00 -100.00
 117    90.349 55810.26648215 22.78 286.877654  -3.575441  8.361 -100.00 -100.00 -100.00
 117    89.985 55810.26648274 21.31 286.878550  -3.577941  8.831 -100.00 -100.00 -100.00
 117    89.268 55810.26648333 19.17 286.879446  -3.580442  6.142 -100.00 -100.00 -100.00
 117    83.781 55810.26648392 19.29 286.880342  -3.582943  6.093 -100.00 -100.00 -100.00
 118    90.138 55820.18213052 27.83 286.877375  -3.575815 11.302 -100.00 -100.00 -100.00
 118    77.800 55820.18213111 28.71 286.878271  -3.578315 13.034 -100.00 -100.00 -100.00
 118    77.927 55820.18213170 27.92 286.879167  -3.580816 10.657 -100.00 -100.00 -100.00
 118    78.033 55820.18213229 27.21 286.880063  -3.583317 10.136 -100.00 -100.00 -100.00
 119    79.562 55830.09777415 44.06 286.878069  -3.575173 32.686 -100.00 -100.00 -100.00
 119    79.410 55830.09777474 45.39 286.878965  -3.577674   -100 -100.00 -100.00 -100.00
 119    79.509 55830.09777533 46.60 286.879861  -3.580175   -100 -100.00 -100.00 -100.00
 119    79.497 55830.09777592 43.44 286.880757  -3.582676   -100 -100.00 -100.00 -100.00
 120    90.180 55840.01341327 23.72 286.878570  -3.574493 13.923 -100.00 -100.00 -100.00
 120    90.166 55840.01341387 17.82 286.879466  -3.576994  6.134 -100.00 -100.00 -100.00
 120    90.058 55840.01341446 16.37 286.880362  -3.579494  4.965 -100.00 -100.00 -100.00
 120    89.749 55840.01341505 17.62 286.881258  -3.581995  6.343 -100.00 -100.00 -100.00
 121    84.808 55849.92904978 25.65 286.878687  -3.574951  7.688 -100.00 -100.00 -100.00
 121    81.795 55849.92905037 23.79 286.879583  -3.577451  5.790 -100.00 -100.00 -100.00
 121    81.800 55849.92905096 24.19 286.880479  -3.579952  6.647 -100.00 -100.00 -100.00
 121    81.677 55849.92905155 23.59 286.881376  -3.582453  5.953 -100.00 -100.00 -100.00
 122    89.984 55859.84468447 20.48 286.879275  -3.574367  7.116 -100.00 -100.00 -100.00
 122    89.892 55859.84468506 19.63 286.880171  -3.576868  6.071 -100.00 -100.00 -100.00
 122    82.856 55859.84468565 20.68 286.881068  -3.579368  8.660 -100.00 -100.00 -100.00
 122    83.174 55859.84468624 18.29 286.881964  -3.581869  5.127 -100.00 -100.00 -100.00
 123    90.121 55869.76033552 23.03 286.877740  -3.577168 19.452 -100.00 -100.00 -100.00
 123    90.069 55869.76033611 15.79 286.878636  -3.579668  6.618 -100.00 -100.00 -100.00
 123    89.876 55869.76033670 15.64 286.879532  -3.582169  7.625 -100.00 -100.00 -100.00
 123    89.519 55869.76033729 15.40 286.880428  -3.584670  7.341 -100.00 -100.00 -100.00
 133    89.582 55968.91677933 32.41 286.873168  -3.579800 23.263 -100.00 -100.00 -100.00
 133    89.731 55968.91677992 25.58 286.874064  -3.582300  8.421 -100.00 -100.00 -100.00
 133    85.919 55968.91678051 28.41 286.874960  -3.584801 14.599 -100.00 -100.00 -100.00
 133    85.967 55968.91678110 31.32 286.875856  -3.587301 20.107 -100.00 -100.00 -100.00
 134    90.061 55978.83241653 29.20 286.874850  -3.580340 11.290 -100.00 -100.00 -100.00
 134    86.472 55978.83241712 29.40 286.875746  -3.582841 12.670 -100.00 -100.00 -100.00
 134    86.477 55978.83241771 30.32 286.876642  -3.585341 13.776 -100.00 -100.00 -100.00
 134    86.424 55978.83241830 36.01 286.877538  -3.587841 32.331 -100.00 -100.00 -100.00
 135    90.024 55988.74805230 27.07 286.876857  -3.576412  9.019 -100.00 -100.00 -100.00
 135    89.650 55988.74805289 26.67 286.877753  -3.578912  8.336 -100.00 -100.00 -100.00
 135    86.465 55988.74805349 28.62 286.878649  -3.581413 12.711 -100.00 -100.00 -100.00
 135    86.392 55988.74805408 32.29 286.879545  -3.583913 21.749 -100.00 -100.00 -100.00
 136    87.251 55998.66369432 28.14 286.878537  -3.575655  9.680 -100.00 -100.00 -100.00
 136    87.073 55998.66369491 28.79 286.879433  -3.578156 12.159 -100.00 -100.00 -100.00
 136    86.796 55998.66369550 31.98 286.880329  -3.580656 20.236 -100.00 -100.00 -100.00
 136    86.878 55998.66369609 33.25 286.881225  -3.583156 24.162 -100.00 -100.00 -100.00
 137    87.751 56008.57934585 32.01 286.876436  -3.576093 17.150 -100.00 -100.00 -100.00
 137    87.557 56008.57934644 31.36 286.877332  -3.578593 18.904 -100.00 -100.00 -100.00
 137    87.281 56008.57934703 34.15 286.878228  -3.581093 30.522 -100.00 -100.00 -100.00
 137    87.402 56008.57934762 34.71 286.879124  -3.583593 32.236 -100.00 -100.00 -100.00
 138    88.374 56018.49499373 38.79 286.875005  -3.579396   -100 -100.00 -100.00 -100.00
 138    88.248 56018.49499432 32.88 286.875901  -3.581896 15.085 -100.00 -100.00 -100.00
 138    88.358 56018.49499491 33.54 286.876797  -3.584396 17.072 -100.00 -100.00 -100.00
 138    88.374 56018.49499550 36.28 286.877693  -3.586896 24.232 -100.00 -100.00 -100.00
 139    89.109 56028.41063780 44.54 286.872523  -3.580409 29.580 -100.00 -100.00 -100.00
 139    88.811 56028.41063840 45.66 286.873419  -3.582909   -100 -100.00 -100.00 -100.00
 139    88.966 56028.41063899 47.17 286.874315  -3.585410   -100 -100.00 -100.00 -100.00
 139    88.926 56028.41063958 45.34 286.875211  -3.587910   -100 -100.00 -100.00 -100.00
 141    88.887 56048.24192009 33.56 286.873569  -3.581958 17.697 -100.00 -100.00 -100.00
 141    88.623 56048.24192068 33.57 286.874465  -3.584459 19.513 -100.00 -100.00 -100.00
 141    88.674 56048.24192127 35.12 286.875361  -3.586959 23.837 -100.00 -100.00 -100.00
 142    88.699 56058.15755633 36.04 286.875405  -3.577432 17.080 -100.00 -100.00 -100.00
 142    88.266 56058.15755692 32.27 286.876301  -3.579932 11.550 -100.00 -100.00 -100.00
 142    88.197 56058.15755751 34.01 286.877197  -3.582433 13.722 -100.00 -100.00 -100.00
 142    88.283 56058.15755810 33.84 286.878093  -3.584933 13.342 -100.00 -100.00 -100.00
 143    88.116 56068.07318879 30.63 286.879482  -3.574972 14.141 -100.00 -100.00 -100.00
 143    87.702 56068.07318938 33.38 286.880378  -3.577473 23.996 -100.00 -100.00 -100.00
 143    87.888 56068.07318998 32.83 286.881273  -3.579973 18.782 -100.00 -100.00 -100.00
 143    87.884 56068.07319057 34.72 286.882169  -3.582473 26.629 -100.00 -100.00 -100.00
 144    87.104 56077.98883915 30.86 286.877017  -3.576948 13.723 -100.00 -100.00 -100.00
 144    87.171 56077.98883974 29.62 286.877913  -3.579448  9.550 -100.00 -100.00 -100.00
 144    86.861 56077.98884033 32.47 286.878809  -3.581949 16.990 -100.00 -100.00 -100.00
 144    86.880 56077.98884092 36.21 286.879705  -3.584449 27.769 -100.00 -100.00 -100.00
 145    90.261 56087.90448806 26.86 286.874672  -3.580699  8.790 -100.00 -100.00 -100.00
 145    85.880 56087.90448865 30.06 286.875568  -3.583200 18.333 -100.00 -100.00 -100.00
 145    85.608 56087.90448924 34.80 286.876464  -3.585700   -100 -100.00 -100.00 -100.00
 145    85.729 56087.90448983 35.81 286.877360  -3.588201   -100 -100.00 -100.00 -100.00
 146    89.986 56097.82013421 23.85 286.873291  -3.581673  6.921 -100.00 -100.00 -100.00
 146    84.320 56097.82013480 28.25 286.874187  -3.584174 15.447 -100.00 -100.00 -100.00
 146    84.320 56097.82013539 29.78 286.875083  -3.586674 19.266 -100.00 -100.00 -100.00
 146    84.685 56097.82013598 33.34 286.875979  -3.589175 29.540 -100.00 -100.00 -100.00
 147    86.865 56107.73577793 35.81 286.873311  -3.580033   -100 -100.00 -100.00 -100.00
 147    83.606 56107.73577852 30.01 286.874207  -3.582533 20.653 -100.00 -100.00 -100.00
 147    83.923 56107.73577911 29.65 286.875103  -3.585034 20.274 -100.00 -100.00 -100.00
 147    84.842 56107.73577970 29.26 286.875999  -3.587534 15.873 -100.00 -100.00 -100.00
 148    90.508 56117.65140786 27.28 286.875441  -3.580110 16.107 -100.00 -100.00 -100.00
 148    84.095 56117.65140845 26.55 286.876337  -3.582610 16.320 -100.00 -100.00 -100.00
 148    84.159 56117.65140904 33.48 286.877233  -3.585111   -100 -100.00 -100.00 -100.00
 148    84.275 56117.65140963 32.48 286.878129  -3.587611   -100 -100.00 -100.00 -100.00
 149    90.130 56127.56704462 29.52 286.876365  -3.575384 17.146 -100.00 -100.00 -100.00
 149    90.036 56127.56704521 26.47 286.877261  -3.577885 10.074 -100.00 -100.00 -100.00
 149    85.908 56127.56704580 24.78 286.878157  -3.580386  8.571 -100.00 -100.00 -100.00
 149    84.348 56127.56704639 29.82 286.879053  -3.582886 20.915 -100.00 -100.00 -100.00
 149    84.422 56127.56704698 32.32 286.879949  -3.585387 28.841 -100.00 -100.00 -100.00
 150    81.986 56137.48267869 36.32 286.878263  -3.575581 24.949 -100.00 -100.00 -100.00
 150    81.722 56137.48267928 39.70 286.879159  -3.578081   -100 -100.00 -100.00 -100.00
 150    81.914 56137.48267987 35.73 286.880055  -3.580582 25.400 -100.00 -100.00 -100.00
 150    84.190 56137.48268046 33.61 286.880951  -3.583083 16.427 -100.00 -100.00 -100.00
 151    80.361 56147.39832452 35.26 286.876552  -3.578013 18.630 -100.00 -100.00 -100.00
 151    80.099 56147.39832511 34.10 286.877448  -3.580514 18.099 -100.00 -100.00 -100.00
 151    83.669 56147.39832570 34.86 286.878344  -3.583014 19.862 -100.00 -100.00 -100.00
 151    84.166 56147.39832629 33.23 286.879240  -3.585515 14.107 -100.00 -100.00 -100.00
 152    90.456 56157.31397335 31.38 286.874576  -3.578861 27.562 -100.00 -100.00 -100.00
 152    90.379 56157.31397394 22.26 286.875473  -3.581362  8.846 -100.00 -100.00 -100.00
 152    83.682 56157.31397453 29.01 286.876369  -3.583862 27.268 -100.00 -100.00 -100.00
 152    83.904 56157.31397512 27.12 286.877265  -3.586363 21.615 -100.00 -100.00 -100.00
 153    90.378 56167.22962112 35.82 286.874285  -3.579098 20.090 -100.00 -100.00 -100.00
 153    77.914 56167.22962171 37.57 286.875181  -3.581599   -100 -100.00 -100.00 -100.00
 153    83.468 56167.22962230 27.27 286.876077  -3.584100 11.541 -100.00 -100.00 -100.00
 153    83.866 56167.22962289 26.87 286.876973  -3.586600 12.451 -100.00 -100.00 -100.00
 154    90.527 56177.14526645 31.06 286.875319  -3.579557   -100 -100.00 -100.00 -100.00
 154    90.384 56177.14526704 20.05 286.876215  -3.582058  8.199 -100.00 -100.00 -100.00
 154    86.599 56177.14526763 20.75 286.877111  -3.584559 10.180 -100.00 -100.00 -100.00
 154    86.243 56177.14526822 18.81 286.878007  -3.587059  7.236 -100.00 -100.00 -100.00
 155    90.267 56187.06090670 25.22 286.876329  -3.578420 24.578 -100.00 -100.00 -100.00
 155    90.337 56187.06090729 20.69 286.877225  -3.580921 15.297 -100.00 -100.00 -100.00
 155    90.302 56187.06090788 17.50 286.878121  -3.583421  9.231 -100.00 -100.00 -100.00
 155    89.971 56187.06090847 15.62 286.879017  -3.585922  8.020 -100.00 -100.00 -100.00
 156    77.179 56196.97654331 31.26 286.876698  -3.577187 22.402 -100.00 -100.00 -100.00
 156    77.244 56196.97654390 32.05 286.877594  -3.579687 27.467 -100.00 -100.00 -100.00
 156    77.333 56196.97654449 31.68 286.878490  -3.582188 25.592 -100.00 -100.00 -100.00
 156    83.362 56196.97654508 29.64 286.879387  -3.584689 16.347 -100.00 -100.00 -100.00
 157    90.501 56206.89217722 24.64 286.877038  -3.575744 15.884 -100.00 -100.00 -100.00
 157    90.418 56206.89217781 20.56 286.877934  -3.578245  8.490 -100.00 -100.00 -100.00
 157    90.307 56206.89217840 19.05 286.878831  -3.580746  5.888 -100.00 -100.00 -100.00
 157    83.831 56206.89217899 24.12 286.879727  -3.583246 14.377 -100.00 -100.00 -100.00
 158    90.146 56216.80781000 21.90 286.878428  -3.574220 12.643 -100.00 -100.00 -100.00
 158    90.128 56216.80781059 20.37 286.879324  -3.576721 10.929 -100.00 -100.00 -100.00
 158    90.156 56216.80781119 18.99 286.880220  -3.579222  9.758 -100.00 -100.00 -100.00
 158    83.804 56216.80781178 26.32 286.881117  -3.581722 29.712 -100.00 -100.00 -100.00
 159    90.172 56226.72345190 22.35 286.878788  -3.572917  7.054 -100.00 -100.00 -100.00
 159    90.108 56226.72345249 20.98 286.879684  -3.575417  4.621 -100.00 -100.00 -100.00
 159    85.555 56226.72345308 22.23 286.880580  -3.577918  7.442 -100.00 -100.00 -100.00
 159    89.690 56226.72345367 21.76 286.881476  -3.580419  6.486 -100.00 -100.00 -100.00
 159    83.864 56226.72345426 28.68 286.882372  -3.582920 20.127 -100.00 -100.00 -100.00
 160    90.043 56236.63910748 26.57 286.877313  -3.574461  9.534 -100.00 -100.00 -100.00
 160    90.061 56236.63910807 26.73 286.878209  -3.576961  9.680 -100.00 -100.00 -100.00
 160    80.101 56236.63910866 28.97 286.879105  -3.579462 15.365 -100.00 -100.00 -100.00
 160    80.131 56236.63910925 27.70 286.880001  -3.581963 13.423 -100.00 -100.00 -100.00
 160    83.546 56236.63910984 25.70 286.880897  -3.584464  8.494 -100.00 -100.00 -100.00
 161    90.335 56246.55475941 26.33 286.876172  -3.576851  9.131 -100.00 -100.00 -100.00
 161    80.115 56246.55476000 27.37 286.877068  -3.579352 10.860 -100.00 -100.00 -100.00
 161    83.031 56246.55476059 26.23 286.877964  -3.581853  9.139 -100.00 -100.00 -100.00
 161    83.253 56246.55476118 26.50 286.878860  -3.584354  9.785 -100.00 -100.00 -100.00
 162    90.567 56256.47040607 31.46 286.874984  -3.578578 22.753 -100.00 -100.00 -100.00
 162    90.521 56256.47040666 23.20 286.875880  -3.581079  7.723 -100.00 -100.00 -100.00
 162    81.497 56256.47040725 22.27 286.876776  -3.583579  7.361 -100.00 -100.00 -100.00
 162    81.342 56256.47040784 23.83 286.877672  -3.586080  9.725 -100.00 -100.00 -100.00
 163    90.239 56266.38604886 28.94 286.874375  -3.580250  7.253 -100.00 -100.00 -100.00
 163    81.998 56266.38604945 29.35 286.875271  -3.582751  9.726 -100.00 -100.00 -100.00
 163    82.189 56266.38605004 28.82 286.876167  -3.585252  8.408 -100.00 -100.00 -100.00
 163    82.023 56266.38605063 32.18 286.877063  -3.587752 16.355 -100.00 -100.00 -100.00
 164    90.366 56276.30168942 27.71 286.874084  -3.579959 15.143 -100.00 -100.00 -100.00
 164    90.230 56276.30169001 19.53 286.874980  -3.582460  6.442 -100.00 -100.00 -100.00
 164    89.557 56276.30169060 18.76 286.875876  -3.584961  6.240 -100.00 -100.00 -100.00
 164    87.938 56276.30169119 20.15 286.876771  -3.587461  8.671 -100.00 -100.00 -100.00
 165    89.701 56286.21733633 26.93 286.874218  -3.581455 15.866 -100.00 -100.00 -100.00
 165    88.200 56286.21733693 24.31 286.875114  -3.583956 12.628 -100.00 -100.00 -100.00
 165    83.611 56286.21733752 23.10 286.876010  -3.586456 11.615 -100.00 -100.00 -100.00
 166    90.068 56296.13298589 29.53 286.873445  -3.580368 11.145 -100.00 -100.00 -100.00
 166    85.361 56296.13298648 27.99 286.874341  -3.582869 11.236 -100.00 -100.00 -100.00
 166    85.481 56296.13298707 29.58 286.875237  -3.585369 11.504 -100.00 -100.00 -100.00
 166    85.592 56296.13298766 29.86 286.876133  -3.587869 13.439 -100.00 -100.00 -100.00
 167    86.985 56306.04863160 44.72 286.872937  -3.580366 23.467 -100.00 -100.00 -100.00
 167    86.745 56306.04863219 46.77 286.873833  -3.582866 30.529 -100.00 -100.00 -100.00
 167    86.557 56306.04863278 50.76 286.874729  -3.585366   -100 -100.00 -100.00 -100.00
 167    86.352 56306.04863337 53.67 286.875625  -3.587867 22.840 -100.00 -100.00 -100.00
 168    88.766 56315.96427468 27.91 286.872712  -3.582374 12.015 -100.00 -100.00 -100.00
 168    86.486 56315.96427527 27.28 286.873608  -3.584874 10.882 -100.00 -100.00 -100.00
 168    86.268 56315.96427586 28.83 286.874504  -3.587375 13.878 -100.00 -100.00 -100.00
 168    85.970 56315.96427645 31.34 286.875400  -3.589875 20.808 -100.00 -100.00 -100.00
 169    90.067 56325.87991564 32.30 286.871687  -3.581504 26.900 -100.00 -100.00 -100.00
 169    86.412 56325.87991623 27.86 286.872583  -3.584004 17.343 -100.00 -100.00 -100.00
 169    85.930 56325.87991682 29.27 286.873479  -3.586505 21.366 -100.00 -100.00 -100.00
 169    85.884 56325.87991742 32.01 286.874375  -3.589005 30.769 -100.00 -100.00 -100.00
 170    88.834 56335.79555612 33.87 286.872590  -3.580833   -100 -100.00 -100.00 -100.00
 170    90.079 56335.79555671 22.14 286.873486  -3.583333  6.240 -100.00 -100.00 -100.00
 170    85.547 56335.79555730 27.05 286.874382  -3.585834 16.029 -100.00 -100.00 -100.00
 170    85.401 56335.79555789 32.35 286.875278  -3.588334   -100 -100.00 -100.00 -100.00
 171    90.637 56345.71119541 30.25 286.874841  -3.579150 19.915 -100.00 -100.00 -100.00
 171    90.200 56345.71119600 24.24 286.875737  -3.581651  8.800 -100.00 -100.00 -100.00
 171    85.904 56345.71119660 29.60 286.876633  -3.584151 21.686 -100.00 -100.00 -100.00
 171    85.851 56345.71119719 31.06 286.877529  -3.586651 27.075 -100.00 -100.00 -100.00
 172    90.535 56355.62683185 25.37 286.876774  -3.575175  6.445 -100.00 -100.00 -100.00
 172    89.974 56355.62683244 26.96 286.877670  -3.577676  9.149 -100.00 -100.00 -100.00
 172    87.051 56355.62683303 28.80 286.878566  -3.580176 13.435 -100.00 -100.00 -100.00
 172    86.683 56355.62683362 31.32 286.879462  -3.582676 21.410 -100.00 -100.00 -100.00
 172    86.730 56355.62683421 34.84 286.880358  -3.585177   -100 -100.00 -100.00 -100.00
 173    87.485 56365.54247899 34.66 286.875907  -3.577138 21.913 -100.00 -100.00 -100.00
 173    87.462 56365.54247958 30.09 286.876803  -3.579638 10.042 -100.00 -100.00 -100.00
 173    87.124 56365.54248017 32.96 286.877699  -3.582139 17.895 -100.00 -100.00 -100.00
 173    87.389 56365.54248076 33.48 286.878595  -3.584639 18.514 -100.00 -100.00 -100.00
 174    89.684 56375.45812840 40.60 286.873174  -3.579426 28.653 -100.00 -100.00 -100.00
 174    87.712 56375.45812899 37.33 286.874070  -3.581926 32.420 -100.00 -100.00 -100.00
 174    87.593 56375.45812958 34.75 286.874966  -3.584427 22.448 -100.00 -100.00 -100.00
 174    87.543 56375.45813017 38.03 286.875862  -3.586927   -100 -100.00 -100.00 -100.00
 176    87.821 56395.28941851 33.72 286.871294  -3.583950 20.724 -100.00 -100.00 -100.00
 176    87.731 56395.28941910 34.01 286.872189  -3.586451 24.440 -100.00 -100.00 -100.00
 176    87.829 56395.28941969 35.13 286.873085  -3.588951 25.342 -100.00 -100.00 -100.00
 176    87.839 56395.28942028 39.55 286.873981  -3.591451   -100 -100.00 -100.00 -100.00
 177    88.406 56405.20505928 38.40 286.871977  -3.581279   -100 -100.00 -100.00 -100.00
 177    87.897 56405.20505987 33.44 286.872873  -3.583780 20.766 -100.00 -100.00 -100.00
 177    87.682 56405.20506046 33.74 286.873769  -3.586280 19.461 -100.00 -100.00 -100.00
 177    87.711 56405.20506105 37.22 286.874665  -3.588780   -100 -100.00 -100.00 -100.00
 178    90.151 56415.12069730 29.94 286.874690  -3.580230 12.849 -100.00 -100.00 -100.00
 178    87.525 56415.12069789 31.81 286.875586  -3.582731 20.103 -100.00 -100.00 -100.00
 178    87.680 56415.12069848 33.51 286.876481  -3.585231 22.270 -100.00 -100.00 -100.00
 178    87.830 56415.12069907 37.19 286.877377  -3.587731   -100 -100.00 -100.00 -100.00
 179    86.854 56425.03632983 37.65 286.877575  -3.575873 24.071 -100.00 -100.00 -100.00
 179    86.609 56425.03633042 38.19 286.878471  -3.578373   -100 -100.00 -100.00 -100.00
 179    86.609 56425.03633101 31.00 286.879367  -3.580873 11.518 -100.00 -100.00 -100.00
 179    86.305 56425.03633160 34.24 286.880263  -3.583374 19.091 -100.00 -100.00 -100.00
 180    89.365 56434.95197683 32.00 286.876030  -3.576250 19.575 -100.00 -100.00 -100.00
 180    90.166 56434.95197742 25.36 286.876926  -3.578750  6.107 -100.00 -100.00 -100.00
 180    85.612 56434.95197801 27.19 286.877822  -3.581251  9.560 -100.00 -100.00 -100.00
 180    85.358 56434.95197860 29.83 286.878718  -3.583751 15.287 -100.00 -100.00 -100.00
 181    90.155 56444.86762957 25.01 286.873603  -3.581702  5.962 -100.00 -100.00 -100.00
 181    85.693 56444.86763016 27.62 286.874499  -3.584203  9.433 -100.00 -100.00 -100.00
 181    85.780 56444.86763075 30.74 286.875395  -3.586703 16.958 -100.00 -100.00 -100.00
 181    85.245 56444.86763134 34.25 286.876291  -3.589204 27.852 -100.00 -100.00 -100.00
 182    88.734 56454.78327898 33.68 286.871221  -3.582140 17.931 -100.00 -100.00 -100.00
 182    85.311 56454.78327957 26.43 286.872117  -3.584640  7.948 -100.00 -100.00 -100.00
 182    85.070 56454.78328016 28.15 286.873013  -3.587141 10.129 -100.00 -100.00 -100.00
 182    84.919 56454.78328075 33.12 286.873909  -3.589641 23.608 -100.00 -100.00 -100.00
 183    85.405 56464.69892608 32.86 286.871189  -3.583598 27.918 -100.00 -100.00 -100.00
 183    85.386 56464.69892667 27.75 286.872085  -3.586098 13.562 -100.00 -100.00 -100.00
 183    85.075 56464.69892726 29.45 286.872981  -3.588599 17.689 -100.00 -100.00 -100.00
 183    85.112 56464.69892785 31.00 286.873877  -3.591099 20.524 -100.00 -100.00 -100.00
 184    84.644 56474.61456928 32.03 286.872121  -3.583130 29.431 -100.00 -100.00 -100.00
 184    84.837 56474.61456987 25.97 286.873017  -3.585631 12.590 -100.00 -100.00 -100.00
 184    84.691 56474.61457046 28.82 286.873913  -3.588131 17.542 -100.00 -100.00 -100.00
 184    84.820 56474.61457105 32.27 286.874809  -3.590632 26.606 -100.00 -100.00 -100.00
 185    89.485 56484.53020896 27.74 286.873594  -3.581925 21.526 -100.00 -100.00 -100.00
 185    86.445 56484.53020955 22.46 286.874490  -3.584426 10.644 -100.00 -100.00 -100.00
 185    85.020 56484.53021014 25.91 286.875387  -3.586927 19.338 -100.00 -100.00 -100.00
 187    90.251 56504.36147905 29.16 286.876224  -3.578209 12.547 -100.00 -100.00 -100.00
 187    83.360 56504.36147964 30.99 286.877120  -3.580710 18.615 -100.00 -100.00 -100.00
 187    83.936 56504.36148023 31.27 286.878016  -3.583210 18.095 -100.00 -100.00 -100.00
 187    84.139 56504.36148082 32.19 286.878912  -3.585711 20.858 -100.00 -100.00 -100.00
 188    86.173 56514.27711091 26.39 286.879194  -3.574282 17.898 -100.00 -100.00 -100.00
 188    85.978 56514.27711150 24.88 286.880090  -3.576783 13.802 -100.00 -100.00 -100.00
 188    85.904 56514.27711209 25.39 286.880986  -3.579283 14.515 -100.00 -100.00 -100.00
 188    85.565 56514.27711268 25.38 286.881882  -3.581784 16.425 -100.00 -100.00 -100.00
 189    86.406 56524.19276182 28.72 286.878492  -3.575190 19.675 -100.00 -100.00 -100.00
 189    86.043 56524.19276241 28.00 286.879388  -3.577690 23.487 -100.00 -100.00 -100.00
 189    86.142 56524.19276300 23.21 286.880284  -3.580191 10.647 -100.00 -100.00 -100.00
 189    84.316 56524.19276359 30.74 286.881180  -3.582692   -100 -100.00 -100.00 -100.00
 190    81.392 56534.10841263 39.58 286.876960  -3.575726 24.151 -100.00 -100.00 -100.00
 190    81.711 56534.10841322 38.98 286.877857  -3.578226 22.201 -100.00 -100.00 -100.00
 190    81.666 56534.10841381 44.65 286.878753  -3.580727   -100 -100.00 -100.00 -100.00
 190    81.853 56534.10841440 44.28 286.879649  -3.583228   -100 -100.00 -100.00 -100.00
 192    90.692 56553.93970466 25.57 286.874285  -3.580284 16.432 -100.00 -100.00 -100.00
 192    83.810 56553.93970525 25.56 286.875181  -3.582785 23.755 -100.00 -100.00 -100.00
 192    84.106 56553.93970584 27.65 286.876077  -3.585285 31.802 -100.00 -100.00 -100.00
 192    84.413 56553.93970643 31.81 286.876973  -3.587786   -100 -100.00 -100.00 -100.00
 193    90.132 56563.85534717 34.61 286.873167  -3.579804   -100 -100.00 -100.00 -100.00
 193    90.367 56563.85534776 20.12 286.874063  -3.582305  5.973 -100.00 -100.00 -100.00
 193    83.859 56563.85534835 27.27 286.874959  -3.584805 20.613 -100.00 -100.00 -100.00
 193    83.996 56563.85534894 29.47 286.875855  -3.587306 28.555 -100.00 -100.00 -100.00
 194    90.331 56573.77098896 29.60 286.873919  -3.580023   -100 -100.00 -100.00 -100.00
 194    89.684 56573.77098955 23.15 286.874815  -3.582524 15.314 -100.00 -100.00 -100.00
 194    84.435 56573.77099014 23.45 286.875711  -3.585025 16.276 -100.00 -100.00 -100.00
 194    84.232 56573.77099073 32.54 286.876607  -3.587526   -100 -100.00 -100.00 -100.00
 195    90.440 56583.68662800 28.13 286.875499  -3.577446 17.007 -100.00 -100.00 -100.00
 195    90.544 56583.68662859 21.76 286.876395  -3.579947  7.296 -100.00 -100.00 -100.00
 195    84.175 56583.68662918 26.25 286.877291  -3.582448 17.067 -100.00 -100.00 -100.00
 195    84.588 56583.68662977 28.22 286.878187  -3.584948 21.656 -100.00 -100.00 -100.00
 196    89.465 56593.60226274 23.34 286.879064  -3.575113  4.862 -100.00 -100.00 -100.00
 196    83.577 56593.60226333 24.97 286.879960  -3.577614  7.438 -100.00 -100.00 -100.00
 196    84.066 56593.60226392 24.84 286.880856  -3.580115  7.039 -100.00 -100.00 -100.00
 196    84.362 56593.60226451 27.55 286.881752  -3.582616 11.968 -100.00 -100.00 -100.00
 197    90.205 56603.51791601 27.25 286.876013  -3.576032  7.508 -100.00 -100.00 -100.00
 197    90.215 56603.51791661 25.81 286.876909  -3.578533  8.111 -100.00 -100.00 -100.00
 197    84.244 56603.51791720 25.15 286.877805  -3.581033  6.645 -100.00 -100.00 -100.00
 197    84.239 56603.51791779 25.96 286.878701  -3.583534  7.802 -100.00 -100.00 -100.00
 197    84.555 56603.51791838 27.68 286.879597  -3.586035  9.014 -100.00 -100.00 -100.00
 198    90.300 56613.43356558 37.69 286.874062  -3.578837 13.519 -100.00 -100.00 -100.00
 198    81.652 56613.43356617 41.54 286.874958  -3.581337   -100 -100.00 -100.00 -100.00
 198    81.607 56613.43356676 46.64 286.875854  -3.583838  6.416 -100.00 -100.00 -100.00
 198    81.588 56613.43356735 45.95 286.876750  -3.586339   -100 -100.00 -100.00 -100.00
 199    90.370 56623.34921048 32.36 286.873279  -3.579568 19.044 -100.00 -100.00 -100.00
 199    90.162 56623.34921107 24.71 286.874175  -3.582068  7.861 -100.00 -100.00 -100.00
 199    84.186 56623.34921167 26.54 286.875071  -3.584569 12.237 -100.00 -100.00 -100.00
 199    84.455 56623.34921226 27.18 286.875967  -3.587069 13.102 -100.00 -100.00 -100.00
 200    83.290 56633.26485276 43.57 286.874315  -3.581431   -100 -100.00 -100.00 -100.00
 200    83.036 56633.26485335 42.52 286.875211  -3.583932   -100 -100.00 -100.00 -100.00
 200    83.079 56633.26485394 39.50 286.876107  -3.586432   -100 -100.00 -100.00 -100.00
 201    84.227 56643.18048923 33.25 286.876110  -3.578095 16.525 -100.00 -100.00 -100.00
 201    84.028 56643.18048982 32.04 286.877006  -3.580596 15.959 -100.00 -100.00 -100.00
 201    83.997 56643.18049041 31.38 286.877902  -3.583097 14.128 -100.00 -100.00 -100.00
 201    84.234 56643.18049100 32.12 286.878798  -3.585597 15.816 -100.00 -100.00 -100.00
 202    83.779 56653.09614036 36.25 286.875131  -3.579684   -100 -100.00 -100.00 -100.00
 202    83.846 56653.09614095 30.65 286.876027  -3.582184   -100 -100.00 -100.00 -100.00
 202    84.030 56653.09614154 26.93 286.876923  -3.584685 22.532 -100.00 -100.00 -100.00
 202    84.268 56653.09614213 26.67 286.877819  -3.587185 19.587 -100.00 -100.00 -100.00
 203    82.923 56663.01178973 35.34 286.873878  -3.581528   -100 -100.00 -100.00 -100.00
 203    83.605 56663.01179032 25.89 286.874774  -3.584028 20.721 -100.00 -100.00 -100.00
 203    83.928 56663.01179091 24.65 286.875670  -3.586529 16.345 -100.00 -100.00 -100.00
 203    84.491 56663.01179150 28.33 286.876566  -3.589029 24.675 -100.00 -100.00 -100.00
 204    89.607 56672.92743607 32.69 286.872075  -3.581126 30.681 -100.00 -100.00 -100.00
 204    85.296 56672.92743666 28.98 286.872971  -3.583626 20.754 -100.00 -100.00 -100.00
 204    84.991 56672.92743725 25.89 286.873867  -3.586127 14.092 -100.00 -100.00 -100.00
 204    85.047 56672.92743784 25.41 286.874764  -3.588627 11.782 -100.00 -100.00 -100.00
 205    88.765 56682.84308185 25.07 286.871848  -3.582893 10.390 -100.00 -100.00 -100.00
 205    85.622 56682.84308244 25.27 286.872744  -3.585393 10.074 -100.00 -100.00 -100.00
 205    85.261 56682.84308303 27.14 286.873640  -3.587894 13.764 -100.00 -100.00 -100.00
 205    85.342 56682.84308362 31.00 286.874536  -3.590394 24.593 -100.00 -100.00 -100.00
 206    89.859 56692.75872509 29.85 286.872346  -3.581318 23.670 -100.00 -100.00 -100.00
 206    90.099 56692.75872568 22.33 286.873242  -3.583818  9.585 -100.00 -100.00 -100.00
 206    84.407 56692.75872627 26.85 286.874138  -3.586319 21.417 -100.00 -100.00 -100.00
 206    84.470 56692.75872686 28.57 286.875034  -3.588819 25.517 -100.00 -100.00 -100.00
 207    90.489 56702.67436458 25.73 286.875039  -3.580150  8.689 -100.00 -100.00 -100.00
 207    84.973 56702.67436517 25.57 286.875935  -3.582651  9.118 -100.00 -100.00 -100.00
 207    85.121 56702.67436576 25.38 286.876831  -3.585151  8.444 -100.00 -100.00 -100.00
 207    84.979 56702.67436635 26.22 286.877727  -3.587651  9.767 -100.00 -100.00 -100.00
 208    90.277 56712.58999809 28.44 286.876814  -3.575277 22.656 -100.00 -100.00 -100.00
 208    90.353 56712.58999868 21.35 286.877710  -3.577777  7.417 -100.00 -100.00 -100.00
 208    89.995 56712.58999927 21.68 286.878605  -3.580278  8.947 -100.00 -100.00 -100.00
 208    84.772 56712.58999987 25.27 286.879501  -3.582778 14.965 -100.00 -100.00 -100.00
 208    84.914 56712.59000046 26.20 286.880397  -3.585278 17.443 -100.00 -100.00 -100.00
 210    86.961 56732.42129830 38.71 286.871886  -3.583333 24.298 -100.00 -100.00 -100.00
 210    86.606 56732.42129889 31.80 286.872782  -3.585833 15.209 -100.00 -100.00 -100.00
 210    86.450 56732.42129948 33.12 286.873677  -3.588333 20.662 -100.00 -100.00 -100.00
 210    86.606 56732.42130007 34.85 286.874573  -3.590833 24.578 -100.00 -100.00 -100.00
 211    87.434 56742.33694600 43.88 286.870191  -3.584734 26.251 -100.00 -100.00 -100.00
 211    86.978 56742.33694659 42.55 286.871086  -3.587234   -100 -100.00 -100.00 -100.00
 211    87.071 56742.33694718 43.83 286.871982  -3.589734   -100 -100.00 -100.00 -100.00
 211    86.971 56742.33694777 49.32 286.872878  -3.592234 10.186 -100.00 -100.00 -100.00
 212    87.320 56752.25258907 33.45 286.871309  -3.584569 17.475 -100.00 -100.00 -100.00
 212    87.146 56752.25258966 33.89 286.872205  -3.587070 18.494 -100.00 -100.00 -100.00
 212    87.071 56752.25259025 33.68 286.873101  -3.589570 17.732 -100.00 -100.00 -100.00
 213    87.642 56762.16822606 44.96 286.873861  -3.580472 30.343 -100.00 -100.00 -100.00
 213    87.418 56762.16822665 49.21 286.874757  -3.582972  0.199 -100.00 -100.00 -100.00
 213    87.345 56762.16822724 51.39 286.875652  -3.585472 16.587 -100.00 -100.00 -100.00
 213    87.645 56762.16822783 51.10 286.876548  -3.587973   -100 -100.00 -100.00 -100.00
 214    87.603 56772.08385618 41.84 286.877487  -3.575977   -100 -100.00 -100.00 -100.00
 214    87.714 56772.08385677 37.06 286.878383  -3.578477 17.689 -100.00 -100.00 -100.00
 214    87.690 56772.08385736 35.09 286.879279  -3.580978 12.734 -100.00 -100.00 -100.00
 214    87.600 56772.08385795 38.50 286.880174  -3.583478 24.009 -100.00 -100.00 -100.00
 215    89.938 56781.99951325 35.07 286.873734  -3.579752 19.700 -100.00 -100.00 -100.00
 215    87.615 56781.99951384 31.10 286.874630  -3.582253  9.564 -100.00 -100.00 -100.00
 215    87.352 56781.99951443 34.46 286.875526  -3.584753 20.468 -100.00 -100.00 -100.00
 215    87.645 56781.99951502 35.01 286.876422  -3.587253 20.317 -100.00 -100.00 -100.00
 216    87.504 56791.91516819 31.71 286.870956  -3.584974 15.624 -100.00 -100.00 -100.00
 216    87.330 56791.91516878 31.50 286.871852  -3.587475 14.010 -100.00 -100.00 -100.00
 216    87.492 56791.91516937 33.34 286.872748  -3.589975 18.904 -100.00 -100.00 -100.00
 217    88.947 56801.83081985 29.42 286.868429  -3.587342 14.625 -100.00 -100.00 -100.00
 217    86.974 56801.83082044 31.08 286.869325  -3.589842 22.884 -100.00 -100.00 -100.00
 217    87.471 56801.83082103 33.21 286.870221  -3.592342 24.823 -100.00 -100.00 -100.00
 218    89.262 56811.74646401 23.97 286.868899  -3.586899 13.336 -100.00 -100.00 -100.00
 218    86.830 56811.74646460 28.03 286.869794  -3.589399 25.714 -100.00 -100.00 -100.00
 218    86.886 56811.74646520 31.70 286.870690  -3.591900   -100 -100.00 -100.00 -100.00
 219    86.767 56821.66210351 33.08 286.869904  -3.583312 20.121 -100.00 -100.00 -100.00
 219    86.502 56821.66210410 31.71 286.870800  -3.585812 22.239 -100.00 -100.00 -100.00
 219    86.239 56821.66210469 29.99 286.871696  -3.588313 18.620 -100.00 -100.00 -100.00
 219    86.177 56821.66210528 37.75 286.872592  -3.590813   -100 -100.00 -100.00 -100.00
 221    90.457 56841.49337172 27.21 286.875666  -3.579732  8.511 -100.00 -100.00 -100.00
 221    84.671 56841.49337231 27.22 286.876562  -3.582232  9.228 -100.00 -100.00 -100.00
 221    84.621 56841.49337290 28.44 286.877458  -3.584733 12.601 -100.00 -100.00 -100.00
 221    84.743 56841.49337349 34.62 286.878354  -3.587233 30.753 -100.00 -100.00 -100.00
 222    83.899 56851.40900878 38.84 286.876691  -3.577950 26.054 -100.00 -100.00 -100.00
 222    84.022 56851.40900937 43.40 286.877587  -3.580451   -100 -100.00 -100.00 -100.00
 222    83.700 56851.40900996 46.50 286.878483  -3.582951 15.028 -100.00 -100.00 -100.00
 222    83.691 56851.40901055 45.56 286.879379  -3.585452 10.795 -100.00 -100.00 -100.00
 223    90.340 56861.32466292 27.48 286.874032  -3.580062 18.385 -100.00 -100.00 -100.00
 223    90.124 56861.32466351 23.38 286.874928  -3.582562 13.053 -100.00 -100.00 -100.00
 223    84.262 56861.32466410 27.49 286.875824  -3.585063 25.511 -100.00 -100.00 -100.00
 223    84.285 56861.32466469 30.37 286.876720  -3.587563   -100 -100.00 -100.00 -100.00
 224    88.798 56871.24031599 36.61 286.872383  -3.580476 15.806 -100.00 -100.00 -100.00
 224    82.012 56871.24031658 36.32 286.873279  -3.582976 17.174 -100.00 -100.00 -100.00
 224    81.771 56871.24031717 36.60 286.874175  -3.585477 22.241 -100.00 -100.00 -100.00
 224    81.758 56871.24031776 36.24 286.875071  -3.587978 20.525 -100.00 -100.00 -100.00
 225    81.118 56881.15596651 35.21 286.872335  -3.582216 20.165 -100.00 -100.00 -100.00
 225    81.125 56881.15596710 36.47 286.873231  -3.584717 24.869 -100.00 -100.00 -100.00
 225    80.963 56881.15596769 38.40 286.874127  -3.587217   -100 -100.00 -100.00 -100.00
 225    80.955 56881.15596828 42.00 286.875023  -3.589718   -100 -100.00 -100.00 -100.00
 226    81.703 56891.07161332 26.99 286.872102  -3.583729  5.899 -100.00 -100.00 -100.00
 226    83.648 56891.07161391 28.50 286.872998  -3.586229  8.939 -100.00 -100.00 -100.00
 226    84.107 56891.07161450 26.68 286.873894  -3.588730  6.464 -100.00 -100.00 -100.00
 227    89.957 56900.98725694 24.74 286.870547  -3.584295  3.965 -100.00 -100.00 -100.00
 227    88.334 56900.98725753 24.32 286.871444  -3.586796  3.866 -100.00 -100.00 -100.00
 227    84.114 56900.98725812 23.96 286.872340  -3.589297  3.273 -100.00 -100.00 -100.00
 227    84.356 56900.98725871 25.11 286.873236  -3.591797  5.430 -100.00 -100.00 -100.00
 228    90.388 56910.90289867 23.79 286.868680  -3.584371 14.849 -100.00 -100.00 -100.00
 228    90.069 56910.90289926 20.20 286.869576  -3.586872 10.703 -100.00 -100.00 -100.00
 228    90.026 56910.90289985 22.47 286.870473  -3.589372 17.565 -100.00 -100.00 -100.00
 228    84.333 56910.90290044 24.87 286.871369  -3.591873 21.333 -100.00 -100.00 -100.00
 229    90.203 56920.81853920 23.91 286.869204  -3.583761  9.250 -100.00 -100.00 -100.00
 229    89.892 56920.81853979 21.13 286.870100  -3.586262  6.571 -100.00 -100.00 -100.00
 229    90.819 56920.81854038 18.35 286.870996  -3.588762  3.724 -100.00 -100.00 -100.00
 229    84.224 56920.81854097 24.21 286.871892  -3.591263 10.783 -100.00 -100.00 -100.00
 230    90.070 56930.73417808 23.25 286.872602  -3.583181  9.088 -100.00 -100.00 -100.00
 230    89.597 56930.73417867 21.45 286.873498  -3.585682  7.632 -100.00 -100.00 -100.00
 230    83.651 56930.73417926 23.17 286.874394  -3.588183 10.127 -100.00 -100.00 -100.00
 231    90.604 56940.64981113 26.14 286.875930  -3.577564 16.584 -100.00 -100.00 -100.00
 231    90.524 56940.64981172 21.35 286.876826  -3.580064  7.876 -100.00 -100.00 -100.00
 231    83.462 56940.64981231 26.27 286.877722  -3.582565 21.564 -100.00 -100.00 -100.00
 231    83.781 56940.64981290 28.32 286.878618  -3.585066 30.118 -100.00 -100.00 -100.00
 232    90.404 56950.56545035 26.92 286.877383  -3.574868 11.363 -100.00 -100.00 -100.00
 232    90.232 56950.56545094 24.70 286.878279  -3.577369  8.989 -100.00 -100.00 -100.00
 232    83.659 56950.56545153 22.97 286.879175  -3.579869  6.941 -100.00 -100.00 -100.00
 232    84.278 56950.56545212 23.89 286.880071  -3.582370  7.506 -100.00 -100.00 -100.00
 232    84.426 56950.56545271 23.89 286.880967  -3.584871  8.026 -100.00 -100.00 -100.00
 233    90.327 56960.48110318 30.07 286.874851  -3.579114 10.163 -100.00 -100.00 -100.00
 233    89.778 56960.48110377 26.27 286.875747  -3.581615  6.320 -100.00 -100.00 -100.00
 233    83.718 56960.48110436 25.65 286.876643  -3.584115  5.540 -100.00 -100.00 -100.00
 233    84.000 56960.48110495 27.63 286.877539  -3.586616  8.391 -100.00 -100.00 -100.00
 234    82.076 56970.39675068 30.42 286.873007  -3.582630 11.834 -100.00 -100.00 -100.00
 234    81.815 56970.39675127 30.39 286.873903  -3.585131 11.990 -100.00 -100.00 -100.00
 234    83.858 56970.39675186 29.54 286.874799  -3.587631  7.818 -100.00 -100.00 -100.00
 235    83.070 56980.31239351 38.76 286.873043  -3.582706   -100 -100.00 -100.00 -100.00
 235    82.927 56980.31239410 38.63 286.873939  -3.585206   -100 -100.00 -100.00 -100.00
 235    83.632 56980.31239469 33.82 286.874835  -3.587707   -100 -100.00 -100.00 -100.00
 236    83.112 56990.22803088 43.02 286.874343  -3.578117   -100 -100.00 -100.00 -100.00
 236    83.258 56990.22803147 37.58 286.875239  -3.580617 18.286 -100.00 -100.00 -100.00
 236    83.102 56990.22803206 38.95 286.876135  -3.583118 23.716 -100.00 -100.00 -100.00
 236    83.192 56990.22803265 36.27 286.877031  -3.585618 14.237 -100.00 -100.00 -100.00
 237    84.359 57000.14366258 30.09 286.879023  -3.575524 16.151 -100.00 -100.00 -100.00
 237    84.572 57000.14366317 25.79 286.879919  -3.578025  7.552 -100.00 -100.00 -100.00
 237    84.410 57000.14366376 27.03 286.880815  -3.580525 10.277 -100.00 -100.00 -100.00
 237    84.208 57000.14366435 26.79 286.881711  -3.583026 10.151 -100.00 -100.00 -100.00
 238    90.138 57010.05931702 23.26 286.876591  -3.577150  6.282 -100.00 -100.00 -100.00
 238    90.176 57010.05931761 24.58 286.877487  -3.579651  8.950 -100.00 -100.00 -100.00
 238    89.826 57010.05931820 24.40 286.878383  -3.582151  8.134 -100.00 -100.00 -100.00
 238    84.756 57010.05931879 28.40 286.879279  -3.584652 15.281 -100.00 -100.00 -100.00
 239    90.342 57019.97496957 25.28 286.874463  -3.580385  4.802 -100.00 -100.00 -100.00
 239    89.850 57019.97497016 25.92 286.875359  -3.582885  7.380 -100.00 -100.00 -100.00
 239    85.015 57019.97497075 25.94 286.876255  -3.585385  6.901 -100.00 -100.00 -100.00
 239    84.903 57019.97497135 30.57 286.877151  -3.587886 15.688 -100.00 -100.00 -100.00
 240    89.880 57029.89061899 31.44 286.872257  -3.581314 20.106 -100.00 -100.00 -100.00
 240    85.714 57029.89061958 32.63 286.873153  -3.583814 32.440 -100.00 -100.00 -100.00
 240    85.523 57029.89062017 26.38 286.874049  -3.586314 11.465 -100.00 -100.00 -100.00
 240    85.340 57029.89062076 30.40 286.874945  -3.588815 22.155 -100.00 -100.00 -100.00
 241    85.900 57039.80626720 31.78 286.871735  -3.582696 15.019 -100.00 -100.00 -100.00
 241    85.756 57039.80626779 28.73 286.872631  -3.585197  8.801 -100.00 -100.00 -100.00
 241    85.849 57039.80626838 29.30 286.873527  -3.587697  9.170 -100.00 -100.00 -100.00
 241    85.719 57039.80626897 30.62 286.874423  -3.590197 13.477 -100.00 -100.00 -100.00
 242    89.581 57049.72191290 31.55 286.872038  -3.581549 19.854 -100.00 -100.00 -100.00
 242    86.101 57049.72191349 27.73 286.872934  -3.584050 13.613 -100.00 -100.00 -100.00
 242    86.118 57049.72191408 27.32 286.873830  -3.586550 11.341 -100.00 -100.00 -100.00
 242    85.937 57049.72191467 32.13 286.874726  -3.589050 22.558 -100.00 -100.00 -100.00
 243    90.318 57059.63755458 31.76 286.873747  -3.579651 13.488 -100.00 -100.00 -100.00
 243    87.016 57059.63755518 30.02 286.874643  -3.582152 10.766 -100.00 -100.00 -100.00
 243    86.673 57059.63755577 31.43 286.875539  -3.584652 12.945 -100.00 -100.00 -100.00
 243    86.516 57059.63755636 37.03 286.876435  -3.587152   -100 -100.00 -100.00 -100.00
 244    87.262 57069.55319066 35.20 286.875793  -3.578219   -100 -100.00 -100.00 -100.00
 244    87.436 57069.55319125 28.65 286.876689  -3.580720 13.943 -100.00 -100.00 -100.00
 244    87.086 57069.55319184 31.11 286.877585  -3.583220 19.950 -100.00 -100.00 -100.00
 244    87.033 57069.55319243 35.17 286.878481  -3.585720   -100 -100.00 -100.00 -100.00
 245    87.632 57079.46882189 36.23 286.876594  -3.575209 20.228 -100.00 -100.00 -100.00
 245    87.309 57079.46882248 32.76 286.877490  -3.577710 17.945 -100.00 -100.00 -100.00
 245    87.096 57079.46882307 31.90 286.878386  -3.580210 15.739 -100.00 -100.00 -100.00
 245    86.897 57079.46882366 34.68 286.879282  -3.582710 24.190 -100.00 -100.00 -100.00
 245    87.068 57079.46882425 35.80 286.880178  -3.585210 26.947 -100.00 -100.00 -100.00
 246    88.521 57089.38446002 40.09 286.876929  -3.576444 13.380 -100.00 -100.00 -100.00
 246    87.711 57089.38446061 43.09 286.877825  -3.578944 22.253 -100.00 -100.00 -100.00
 246    87.190 57089.38446120 49.29 286.878721  -3.581445   -100 -100.00 -100.00 -100.00
 246    87.463 57089.38446179 52.54 286.879617  -3.583945   -100 -100.00 -100.00 -100.00
 247    87.518 57099.30011883 37.00 286.873795  -3.581795 31.225 -100.00 -100.00 -100.00
 247    87.616 57099.30011942 33.62 286.874690  -3.584295 19.412 -100.00 -100.00 -100.00
 247    87.363 57099.30012001 35.29 286.875586  -3.586795 27.639 -100.00 -100.00 -100.00
 248    87.942 57109.21577376 34.15 286.872340  -3.583045 26.284 -100.00 -100.00 -100.00
 248    87.777 57109.21577435 36.90 286.873236  -3.585545   -100 -100.00 -100.00 -100.00
 248    87.860 57109.21577494 39.13 286.874132  -3.588046   -100 -100.00 -100.00 -100.00
 248    88.242 57109.21577553 37.70 286.875027  -3.590546   -100 -100.00 -100.00 -100.00
 249    88.590 57119.13142285 42.88 286.872737  -3.581580   -100 -100.00 -100.00 -100.00
 249    88.349 57119.13142344 42.11 286.873632  -3.584080   -100 -100.00 -100.00 -100.00
 249    88.314 57119.13142403 41.78 286.874528  -3.586580   -100 -100.00 -100.00 -100.00
 249    88.550 57119.13142462 41.39 286.875424  -3.589080   -100 -100.00 -100.00 -100.00
 250    88.619 57129.04706622 32.50 286.873340  -3.581330 18.520 -100.00 -100.00 -100.00
 250    88.401 57129.04706681 34.53 286.874235  -3.583831 25.318 -100.00 -100.00 -100.00
 250    88.424 57129.04706740 31.87 286.875131  -3.586331 17.110 -100.00 -100.00 -100.00
 250    88.564 57129.04706799 36.54 286.876027  -3.588831 32.131 -100.00 -100.00 -100.00
