#    0.000   0.000   0.000 ;Mean Elev.(m), Avg Gradient(m/km), RMS Gradient(m/km) - SRTM1     
#    0.000   0.000   0.000 ;Mean Elev.(m), Avg Gradient(m/km), RMS Gradient(m/km) - ASTER GDEM
#   21.812  -1.914   6.424 ;Mean Elev.(m), Avg Gradient(m/km), RMS Gradient(m/km) - GMTED2010 
   1    29.302 54668.44329219 38.13 296.903231  -4.055704 19.620 -100.00 -100.00 -100.00
   1    29.346 54668.44329278 37.19 296.904129  -4.053204 15.573 -100.00 -100.00 -100.00
   1    29.160 54668.44329337 37.94 296.905026  -4.050704 17.561 -100.00 -100.00 -100.00
   1    29.284 54668.44329396 37.36 296.905923  -4.048204 14.786 -100.00 -100.00 -100.00
   2    29.180 54678.35893629 44.99 296.902576  -4.054523 23.175 -100.00 -100.00 -100.00
   2    28.870 54678.35893688 50.61 296.903473  -4.052023   -100 -100.00 -100.00 -100.00
   2    28.692 54678.35893747 53.15 296.904370  -4.049523  1.662 -100.00 -100.00 -100.00
   3   -23.248 54688.27457837 27.53 296.902838  -4.057127 12.622 -100.00 -100.00 -100.00
   3   -18.503 54688.27457896 27.42 296.903735  -4.054627 11.575 -100.00 -100.00 -100.00
   3     6.104 54688.27457955 18.79 296.904632  -4.052127  4.378 -100.00 -100.00 -100.00
   3     6.966 54688.27458014 18.55 296.905529  -4.049627  3.261 -100.00 -100.00 -100.00
   4    27.283 54698.19021905 41.43 296.905719  -4.058057 18.478 -100.00 -100.00 -100.00
   4    27.047 54698.19021964 43.58 296.906616  -4.055557 23.778 -100.00 -100.00 -100.00
   4    26.729 54698.19022023 50.26 296.907513  -4.053057   -100 -100.00 -100.00 -100.00
   4    26.623 54698.19022082 51.33 296.908410  -4.050557  4.095 -100.00 -100.00 -100.00
   6    23.446 54718.02151289 42.72 296.905182  -4.056847 27.768 -100.00 -100.00 -100.00
   6    23.384 54718.02151348 44.89 296.906079  -4.054347   -100 -100.00 -100.00 -100.00
   6    23.242 54718.02151407 48.09 296.906976  -4.051847   -100 -100.00 -100.00 -100.00
   6    23.135 54718.02151466 44.87 296.907873  -4.049347   -100 -100.00 -100.00 -100.00
   7    13.973 54727.93716186 23.81 296.901663  -4.056234  5.042 -100.00 -100.00 -100.00
   7    14.004 54727.93716245 24.34 296.902561  -4.053734  6.521 -100.00 -100.00 -100.00
   7    13.972 54727.93716304 24.84 296.903458  -4.051234  6.523 -100.00 -100.00 -100.00
   7    13.504 54727.93716363 24.92 296.904355  -4.048734  7.042 -100.00 -100.00 -100.00
   8    22.769 54737.85281012 25.99 296.899000  -4.053614  7.241 -100.00 -100.00 -100.00
   8    22.839 54737.85281071 25.02 296.899898  -4.051114  5.682 -100.00 -100.00 -100.00
   8    22.811 54737.85281130 24.79 296.900795  -4.048614  5.651 -100.00 -100.00 -100.00
   9    23.148 54747.76845756 29.97 296.896407  -4.054802 15.337 -100.00 -100.00 -100.00
   9    22.414 54747.76845815 29.82 296.897304  -4.052302 16.553 -100.00 -100.00 -100.00
   9    22.324 54747.76845874 28.27 296.898201  -4.049802 12.613 -100.00 -100.00 -100.00
   9    22.197 54747.76845933 27.92 296.899099  -4.047302 13.292 -100.00 -100.00 -100.00
  10    21.546 54757.68410564 42.45 296.896508  -4.052458   -100 -100.00 -100.00 -100.00
  10    21.515 54757.68410623 42.91 296.897405  -4.049958   -100 -100.00 -100.00 -100.00
  10    21.628 54757.68410682 43.34 296.898302  -4.047458   -100 -100.00 -100.00 -100.00
  11    21.707 54767.59975083 42.78 296.896761  -4.054217 31.274 -100.00 -100.00 -100.00
  11    22.105 54767.59975142 41.67 296.897658  -4.051717 27.826 -100.00 -100.00 -100.00
  11    21.972 54767.59975201 36.30 296.898555  -4.049217 16.780 -100.00 -100.00 -100.00
  11    21.443 54767.59975260 40.21 296.899452  -4.046716 29.317 -100.00 -100.00 -100.00
  12    22.302 54777.51539313 26.91 296.898259  -4.054108 10.521 -100.00 -100.00 -100.00
  12    22.284 54777.51539372 24.87 296.899156  -4.051608  8.247 -100.00 -100.00 -100.00
  12    22.042 54777.51539431 26.40 296.900053  -4.049108  9.482 -100.00 -100.00 -100.00
  12    29.817 54777.51539490 25.70 296.900950  -4.046608  7.372 -100.00 -100.00 -100.00
  13    23.036 54787.43103279 39.77 296.899252  -4.053979 31.892 -100.00 -100.00 -100.00
  13    22.979 54787.43103338 41.17 296.900149  -4.051479   -100 -100.00 -100.00 -100.00
  13    22.919 54787.43103397 41.66 296.901046  -4.048979   -100 -100.00 -100.00 -100.00
  13    23.034 54787.43103456 39.04 296.901944  -4.046479   -100 -100.00 -100.00 -100.00
  14    24.050 54797.34667067 41.77 296.899447  -4.055580 22.036 -100.00 -100.00 -100.00
  14    24.001 54797.34667126 45.02 296.900344  -4.053080 25.588 -100.00 -100.00 -100.00
  14    24.034 54797.34667185 48.94 296.901242  -4.050580   -100 -100.00 -100.00 -100.00
  14    23.610 54797.34667244 52.13 296.902139  -4.048080  7.410 -100.00 -100.00 -100.00
  17    25.856 54827.09359487 40.61 296.904115  -4.057119 23.877 -100.00 -100.00 -100.00
  17    25.749 54827.09359546 45.90 296.905012  -4.054619   -100 -100.00 -100.00 -100.00
  17    25.544 54827.09359605 50.74 296.905909  -4.052119   -100 -100.00 -100.00 -100.00
  17    25.433 54827.09359664 53.75 296.906807  -4.049618  2.462 -100.00 -100.00 -100.00
  18    25.339 54837.00923391 27.51 296.901026  -4.056263  7.398 -100.00 -100.00 -100.00
  18    25.353 54837.00923450 26.91 296.901923  -4.053763  6.338 -100.00 -100.00 -100.00
  18    25.343 54837.00923509 28.24 296.902820  -4.051262  9.066 -100.00 -100.00 -100.00
  18    25.270 54837.00923568 28.29 296.903717  -4.048762  7.748 -100.00 -100.00 -100.00
  19    25.859 54846.92488346 35.35 296.897314  -4.054985 25.882 -100.00 -100.00 -100.00
  19    25.281 54846.92488405 28.31 296.898211  -4.052485 12.173 -100.00 -100.00 -100.00
  19    25.399 54846.92488465 27.10 296.899108  -4.049985  9.552 -100.00 -100.00 -100.00
  19    25.353 54846.92488524 26.27 296.900005  -4.047484  7.485 -100.00 -100.00 -100.00
  20    26.892 54856.84053291 36.73 296.895225  -4.053346 20.609 -100.00 -100.00 -100.00
  20    26.767 54856.84053350 33.00 296.896123  -4.050846 13.071 -100.00 -100.00 -100.00
  20    26.658 54856.84053409 33.35 296.897020  -4.048345 13.083 -100.00 -100.00 -100.00
  20    26.595 54856.84053468 32.27 296.897917  -4.045845 12.431 -100.00 -100.00 -100.00
  21    27.872 54866.75618234 35.64 296.894569  -4.052861   -100 -100.00 -100.00 -100.00
  21    27.749 54866.75618293 25.78 296.895466  -4.050361 10.082 -100.00 -100.00 -100.00
  21    27.701 54866.75618352 25.61 296.896364  -4.047860  7.798 -100.00 -100.00 -100.00
  21    27.499 54866.75618411 27.52 296.897261  -4.045360  9.782 -100.00 -100.00 -100.00
  22    28.466 54876.67183131 29.60 296.894953  -4.052378 19.805 -100.00 -100.00 -100.00
  22    28.259 54876.67183190 25.52 296.895850  -4.049878 11.209 -100.00 -100.00 -100.00
  22    28.027 54876.67183249 26.60 296.896747  -4.047377  9.850 -100.00 -100.00 -100.00
  22    30.051 54876.67183308 29.38 296.897644  -4.044877 15.742 -100.00 -100.00 -100.00
  23    28.894 54886.58747721 30.03 296.896030  -4.052062 18.168 -100.00 -100.00 -100.00
  23    28.689 54886.58747780 27.52 296.896927  -4.049562  9.685 -100.00 -100.00 -100.00
  23    28.248 54886.58747839 29.77 296.897824  -4.047061 14.124 -100.00 -100.00 -100.00
  24    29.539 54896.50311885 32.10 296.894805  -4.053852 22.055 -100.00 -100.00 -100.00
  24    29.411 54896.50311944 29.39 296.895702  -4.051351 15.781 -100.00 -100.00 -100.00
  24    29.034 54896.50312004 30.69 296.896599  -4.048851 16.754 -100.00 -100.00 -100.00
  24    28.728 54896.50312063 32.22 296.897497  -4.046350 21.040 -100.00 -100.00 -100.00
  25    30.103 54906.41875820 38.30 296.893985  -4.052587 16.296 -100.00 -100.00 -100.00
  25    29.848 54906.41875879 37.22 296.894883  -4.050086 11.916 -100.00 -100.00 -100.00
  25    29.697 54906.41875938 38.98 296.895780  -4.047586 20.056 -100.00 -100.00 -100.00
  25    29.831 54906.41875997 41.02 296.896677  -4.045086 24.679 -100.00 -100.00 -100.00
  26    30.365 54916.33439565 40.76 296.893931  -4.053427   -100 -100.00 -100.00 -100.00
  26    30.274 54916.33439624 29.81 296.894828  -4.050926 12.775 -100.00 -100.00 -100.00
  26    29.962 54916.33439683 31.73 296.895726  -4.048426 15.012 -100.00 -100.00 -100.00
  26    29.753 54916.33439742 33.25 296.896623  -4.045926 20.263 -100.00 -100.00 -100.00
  27    30.493 54926.25003331 46.33 296.896205  -4.052766   -100 -100.00 -100.00 -100.00
  27    30.677 54926.25003390 42.39 296.897103  -4.050265 27.338 -100.00 -100.00 -100.00
  27    30.739 54926.25003449 44.69 296.898000  -4.047765   -100 -100.00 -100.00 -100.00
  27    30.754 54926.25003508 40.61 296.898897  -4.045264 19.018 -100.00 -100.00 -100.00
  28    31.140 54936.16566985 44.83 296.899165  -4.054664   -100 -100.00 -100.00 -100.00
  28    30.874 54936.16567044 47.16 296.900062  -4.052164  5.658 -100.00 -100.00 -100.00
  28    30.931 54936.16567103 48.12 296.900959  -4.049664  4.308 -100.00 -100.00 -100.00
  28    30.975 54936.16567162 46.91 296.901856  -4.047163   -100 -100.00 -100.00 -100.00
  29    31.476 54946.08130485 44.82 296.903281  -4.055502   -100 -100.00 -100.00 -100.00
  29    31.173 54946.08130544 44.96 296.904179  -4.053002   -100 -100.00 -100.00 -100.00
  29    31.245 54946.08130603 39.58 296.905076  -4.050501 27.364 -100.00 -100.00 -100.00
  30    31.592 54955.99693705 42.46 296.906966  -4.057457 24.258 -100.00 -100.00 -100.00
  30    31.591 54955.99693764 39.87 296.907863  -4.054957 15.563 -100.00 -100.00 -100.00
  30    31.394 54955.99693823 42.66 296.908761  -4.052456 25.878 -100.00 -100.00 -100.00
  30    31.476 54955.99693883 41.47 296.909658  -4.049956 19.729 -100.00 -100.00 -100.00
  31    31.617 54965.91258513 32.76 296.904886  -4.056333 14.749 -100.00 -100.00 -100.00
  31    31.306 54965.91258572 36.46 296.905783  -4.053832 29.547 -100.00 -100.00 -100.00
  31    31.401 54965.91258631 36.79 296.906680  -4.051332 30.253 -100.00 -100.00 -100.00
  31    31.530 54965.91258690 39.90 296.907578  -4.048832   -100 -100.00 -100.00 -100.00
  32    32.041 54975.82823262 37.46 296.901978  -4.056885 25.905 -100.00 -100.00 -100.00
  32    31.692 54975.82823321 39.68 296.902875  -4.054385   -100 -100.00 -100.00 -100.00
  32    31.687 54975.82823380 35.82 296.903773  -4.051884 23.284 -100.00 -100.00 -100.00
  32    31.344 54975.82823439 39.80 296.904670  -4.049384   -100 -100.00 -100.00 -100.00
  33    31.980 54985.74388076 38.84 296.901115  -4.055201   -100 -100.00 -100.00 -100.00
  33    31.859 54985.74388135 33.85 296.902012  -4.052701 19.072 -100.00 -100.00 -100.00
  33    31.589 54985.74388194 36.42 296.902910  -4.050201 27.145 -100.00 -100.00 -100.00
  33    31.733 54985.74388253 37.21 296.903807  -4.047700 30.007 -100.00 -100.00 -100.00
  34    32.042 54995.65952891 37.94 296.901595  -4.054202   -100 -100.00 -100.00 -100.00
  34    32.037 54995.65952950 34.66 296.902492  -4.051701 18.517 -100.00 -100.00 -100.00
  34    32.002 54995.65953009 35.71 296.903389  -4.049201 22.139 -100.00 -100.00 -100.00
  35    32.124 55005.57517516 35.88 296.901426  -4.054511 15.759 -100.00 -100.00 -100.00
  35    32.141 55005.57517575 36.18 296.902324  -4.052011 15.946 -100.00 -100.00 -100.00
  35    32.061 55005.57517634 38.37 296.903221  -4.049510 22.257 -100.00 -100.00 -100.00
  36    32.237 55015.49081878 36.29 296.900119  -4.055336 26.514 -100.00 -100.00 -100.00
  36    31.803 55015.49081937 34.82 296.901016  -4.052836 21.764 -100.00 -100.00 -100.00
  36    31.851 55015.49081996 35.72 296.901913  -4.050336 22.784 -100.00 -100.00 -100.00
  36    31.828 55015.49082055 37.93 296.902810  -4.047836   -100 -100.00 -100.00 -100.00
  37    32.144 55025.40646117 47.28 296.899070  -4.054564   -100 -100.00 -100.00 -100.00
  37    32.283 55025.40646176 51.18 296.899967  -4.052064   -100 -100.00 -100.00 -100.00
  37    32.298 55025.40646235 52.79 296.900864  -4.049564   -100 -100.00 -100.00 -100.00
  37    31.980 55025.40646294 51.73 296.901761  -4.047064 25.240 -100.00 -100.00 -100.00
  38    32.373 55035.32210262 44.94 296.898385  -4.055043 26.316 -100.00 -100.00 -100.00
  38    32.057 55035.32210321 49.23 296.899282  -4.052543   -100 -100.00 -100.00 -100.00
  38    31.754 55035.32210380 54.14 296.900180  -4.050043 13.088 -100.00 -100.00 -100.00
  38    31.701 55035.32210439 55.27 296.901077  -4.047543 31.141 -100.00 -100.00 -100.00
  39    31.725 55045.23774350 49.08 296.900111  -4.055521 28.546 -100.00 -100.00 -100.00
  39    31.368 55045.23774409 52.10 296.901008  -4.053021   -100 -100.00 -100.00 -100.00
  39    31.585 55045.23774468 53.37 296.901905  -4.050521   -100 -100.00 -100.00 -100.00
  39    31.328 55045.23774527 52.67 296.902802  -4.048021   -100 -100.00 -100.00 -100.00
  40    31.114 55055.15338257 44.94 296.903632  -4.057012 23.588 -100.00 -100.00 -100.00
  40    30.791 55055.15338316 49.06 296.904529  -4.054511   -100 -100.00 -100.00 -100.00
  40    30.929 55055.15338375 48.46 296.905426  -4.052011   -100 -100.00 -100.00 -100.00
  40    30.757 55055.15338435 51.51 296.906323  -4.049511  4.679 -100.00 -100.00 -100.00
  41    30.058 55065.06901936 36.64 296.906263  -4.058740 14.716 -100.00 -100.00 -100.00
  41    30.061 55065.06901995 33.58 296.907160  -4.056240  7.053 -100.00 -100.00 -100.00
  41    29.967 55065.06902054 33.09 296.908057  -4.053740  6.911 -100.00 -100.00 -100.00
  41    29.770 55065.06902113 33.19 296.908955  -4.051240  7.879 -100.00 -100.00 -100.00
  42    28.727 55074.98466735 28.33 296.904721  -4.055657 16.369 -100.00 -100.00 -100.00
  42    28.753 55074.98466794 29.68 296.905618  -4.053157 18.035 -100.00 -100.00 -100.00
  42    28.572 55074.98466853 31.65 296.906515  -4.050657 24.706 -100.00 -100.00 -100.00
  43    28.359 55084.90031488 32.62 296.900139  -4.055882 17.400 -100.00 -100.00 -100.00
  43    28.635 55084.90031547 25.65 296.901037  -4.053382  4.607 -100.00 -100.00 -100.00
  43    27.980 55084.90031606 27.53 296.901934  -4.050882  8.144 -100.00 -100.00 -100.00
  43    27.614 55084.90031665 29.54 296.902831  -4.048382 10.457 -100.00 -100.00 -100.00
  44    25.635 55094.81596189 27.31 296.897746  -4.053525  9.740 -100.00 -100.00 -100.00
  44    27.270 55094.81596248 26.16 296.898644  -4.051025  7.863 -100.00 -100.00 -100.00
  44    26.564 55094.81596307 25.82 296.899541  -4.048525  6.666 -100.00 -100.00 -100.00
  44    29.493 55094.81596366 28.57 296.900438  -4.046025 12.474 -100.00 -100.00 -100.00
  45    23.145 55104.73160853 42.50 296.896955  -4.053322   -100 -100.00 -100.00 -100.00
  45    23.234 55104.73160912 41.50 296.897852  -4.050822 28.039 -100.00 -100.00 -100.00
  45    23.252 55104.73160971 42.46 296.898749  -4.048322 31.025 -100.00 -100.00 -100.00
  45    23.159 55104.73161031 42.40 296.899646  -4.045822 30.488 -100.00 -100.00 -100.00
  46    21.676 55114.64725469 41.86 296.896841  -4.054885 29.428 -100.00 -100.00 -100.00
  46    22.132 55114.64725528 43.48 296.897739  -4.052385   -100 -100.00 -100.00 -100.00
  46    21.748 55114.64725587 38.59 296.898636  -4.049885 22.433 -100.00 -100.00 -100.00
  46    21.689 55114.64725646 37.10 296.899533  -4.047384 20.083 -100.00 -100.00 -100.00
  47    22.786 55124.56289875 26.05 296.897802  -4.055127 15.114 -100.00 -100.00 -100.00
  47    27.167 55124.56289934 22.43 296.898700  -4.052626 10.332 -100.00 -100.00 -100.00
  47    28.935 55124.56289993 19.70 296.899597  -4.050126  6.674 -100.00 -100.00 -100.00
  47    29.164 55124.56290052 19.60 296.900494  -4.047626  5.016 -100.00 -100.00 -100.00
  48    22.068 55134.47853987 39.57 296.898477  -4.055557 26.398 -100.00 -100.00 -100.00
  48    22.021 55134.47854046 37.86 296.899374  -4.053057 22.410 -100.00 -100.00 -100.00
  48    21.770 55134.47854105 40.49 296.900271  -4.050557   -100 -100.00 -100.00 -100.00
  48    21.737 55134.47854164 41.14 296.901168  -4.048057   -100 -100.00 -100.00 -100.00
  49    21.297 55144.39417874 37.65 296.898982  -4.055265 23.707 -100.00 -100.00 -100.00
  49    21.552 55144.39417933 39.72 296.899880  -4.052765 27.639 -100.00 -100.00 -100.00
  49    21.589 55144.39417992 42.52 296.900777  -4.050265   -100 -100.00 -100.00 -100.00
  49    21.425 55144.39418051 43.70 296.901674  -4.047765   -100 -100.00 -100.00 -100.00
  50    20.383 55154.30981670 31.87 296.899680  -4.054903 19.983 -100.00 -100.00 -100.00
  50    20.377 55154.30981729 25.14 296.900577  -4.052403  8.370 -100.00 -100.00 -100.00
  50    21.418 55154.30981788 25.09 296.901475  -4.049903  7.174 -100.00 -100.00 -100.00
  50    29.085 55154.30981847 25.19 296.902372  -4.047403  7.125 -100.00 -100.00 -100.00
  51    20.049 55164.22545467 39.89 296.900934  -4.056022 18.733 -100.00 -100.00 -100.00
  51    19.975 55164.22545526 42.00 296.901831  -4.053522 24.544 -100.00 -100.00 -100.00
  51    19.899 55164.22545585 47.65 296.902728  -4.051022   -100 -100.00 -100.00 -100.00
  51    19.604 55164.22545644 51.17 296.903625  -4.048522 10.114 -100.00 -100.00 -100.00
  52    21.138 55174.14109271 39.75 296.903782  -4.056284 28.159 -100.00 -100.00 -100.00
  52    21.908 55174.14109331 40.90 296.904680  -4.053784 19.639 -100.00 -100.00 -100.00
  52    21.486 55174.14109390 45.07 296.905577  -4.051283 32.135 -100.00 -100.00 -100.00
  52    21.434 55174.14109449 50.40 296.906474  -4.048783   -100 -100.00 -100.00 -100.00
  53    23.677 55184.05673134 43.01 296.906021  -4.058012   -100 -100.00 -100.00 -100.00
  53    23.553 55184.05673193 42.92 296.906918  -4.055512   -100 -100.00 -100.00 -100.00
  53    23.418 55184.05673252 41.36 296.907815  -4.053011   -100 -100.00 -100.00 -100.00
  53    23.289 55184.05673312 37.72 296.908712  -4.050511 30.084 -100.00 -100.00 -100.00
  54    26.813 55193.97238278 24.63 296.903441  -4.056164  5.707 -100.00 -100.00 -100.00
  54    24.627 55193.97238337 25.48 296.904338  -4.053664  6.472 -100.00 -100.00 -100.00
  54    24.618 55193.97238396 25.38 296.905236  -4.051163  6.037 -100.00 -100.00 -100.00
  54    30.930 55193.97238455 25.11 296.906133  -4.048663  5.322 -100.00 -100.00 -100.00
  55    25.690 55203.88803308 29.88 296.899802  -4.054159  7.028 -100.00 -100.00 -100.00
  55    25.485 55203.88803367 30.00 296.900699  -4.051659  7.291 -100.00 -100.00 -100.00
  55    25.266 55203.88803426 30.36 296.901596  -4.049159  8.252 -100.00 -100.00 -100.00
  55    29.694 55203.88803485 30.26 296.902493  -4.046658  7.846 -100.00 -100.00 -100.00
  56    26.313 55213.80368254 33.03 296.896766  -4.054235   -100 -100.00 -100.00 -100.00
  56    26.149 55213.80368313 26.89 296.897663  -4.051734 16.774 -100.00 -100.00 -100.00
  56    29.896 55213.80368372 21.95 296.898560  -4.049234  7.294 -100.00 -100.00 -100.00
  56    31.159 55213.80368431 21.65 296.899458  -4.046733  5.436 -100.00 -100.00 -100.00
  57    25.778 55223.71933186 26.80 296.895842  -4.053760 15.115 -100.00 -100.00 -100.00
  57    25.791 55223.71933245 27.86 296.896739  -4.051260 17.446 -100.00 -100.00 -100.00
  57    26.446 55223.71933304 21.73 296.897636  -4.048759  6.804 -100.00 -100.00 -100.00
  57    29.878 55223.71933363 21.45 296.898534  -4.046259  4.592 -100.00 -100.00 -100.00
  58    25.850 55233.63497963 28.27 296.895945  -4.053554 13.425 -100.00 -100.00 -100.00
  58    25.754 55233.63498022 26.86 296.896843  -4.051053 11.787 -100.00 -100.00 -100.00
  58    25.623 55233.63498081 24.43 296.897740  -4.048553  7.266 -100.00 -100.00 -100.00
  58    29.993 55233.63498140 23.79 296.898637  -4.046052  5.417 -100.00 -100.00 -100.00
  59    26.289 55243.55062420 31.98 296.897119  -4.052869   -100 -100.00 -100.00 -100.00
  59    26.244 55243.55062479 23.38 296.898017  -4.050368 10.781 -100.00 -100.00 -100.00
  59    30.127 55243.55062538 21.01 296.898914  -4.047868  5.209 -100.00 -100.00 -100.00
  59    30.166 55243.55062597 31.60 296.899811  -4.045367 30.498 -100.00 -100.00 -100.00
  60    26.839 55253.46626470 31.87 296.895867  -4.054463 32.154 -100.00 -100.00 -100.00
  60    26.597 55253.46626529 29.34 296.896764  -4.051963 21.023 -100.00 -100.00 -100.00
  60    31.055 55253.46626588 23.56 296.897661  -4.049462  8.414 -100.00 -100.00 -100.00
  60    31.122 55253.46626647 23.32 296.898559  -4.046962  9.128 -100.00 -100.00 -100.00
  61    26.878 55263.38190367 32.78 296.895302  -4.052071  7.822 -100.00 -100.00 -100.00
  61    26.740 55263.38190426 33.20 296.896199  -4.049571  8.803 -100.00 -100.00 -100.00
  61    26.831 55263.38190485 31.68 296.897097  -4.047070  6.379 -100.00 -100.00 -100.00
  62    27.110 55273.29754101 45.32 296.895717  -4.052090  2.549 -100.00 -100.00 -100.00
  62    27.033 55273.29754160 40.42 296.896614  -4.049590   -100 -100.00 -100.00 -100.00
  62    26.909 55273.29754219 44.83 296.897511  -4.047090  8.614 -100.00 -100.00 -100.00
  63    27.191 55283.21317780 35.72 296.898078  -4.053632   -100 -100.00 -100.00 -100.00
  63    27.227 55283.21317839 30.44 296.898975  -4.051132 15.610 -100.00 -100.00 -100.00
  63    27.406 55283.21317898 33.36 296.899872  -4.048631 21.471 -100.00 -100.00 -100.00
  63    30.034 55283.21317957 34.35 296.900770  -4.046131 21.713 -100.00 -100.00 -100.00
  64    27.811 55293.12881323 42.69 296.901626  -4.055842 31.440 -100.00 -100.00 -100.00
  64    28.026 55293.12881382 44.10 296.902523  -4.053341 28.736 -100.00 -100.00 -100.00
  64    27.830 55293.12881441 46.27 296.903420  -4.050841   -100 -100.00 -100.00 -100.00
  64    27.961 55293.12881500 46.46 296.904318  -4.048341   -100 -100.00 -100.00 -100.00
  66    29.238 55312.96009629 36.02 296.902849  -4.056359 21.441 -100.00 -100.00 -100.00
  66    29.282 55312.96009688 32.75 296.903747  -4.053859 13.564 -100.00 -100.00 -100.00
  66    29.201 55312.96009747 32.02 296.904644  -4.051359  9.901 -100.00 -100.00 -100.00
  66    29.060 55312.96009806 32.75 296.905542  -4.048858 11.288 -100.00 -100.00 -100.00
  67    29.699 55322.87574173 34.63 296.901377  -4.055091 18.902 -100.00 -100.00 -100.00
  67    29.580 55322.87574232 32.02 296.902274  -4.052591 14.680 -100.00 -100.00 -100.00
  67    29.373 55322.87574291 32.89 296.903171  -4.050091 17.232 -100.00 -100.00 -100.00
  67    29.836 55322.87574350 32.57 296.904069  -4.047590 13.923 -100.00 -100.00 -100.00
  68    29.828 55332.79138612 40.12 296.900458  -4.054162 24.696 -100.00 -100.00 -100.00
  68    30.146 55332.79138671 37.75 296.901355  -4.051662 16.602 -100.00 -100.00 -100.00
  68    29.936 55332.79138730 41.44 296.902253  -4.049162 29.835 -100.00 -100.00 -100.00
  69    30.519 55342.70703008 35.17 296.899718  -4.055099 17.802 -100.00 -100.00 -100.00
  69    30.119 55342.70703067 32.93 296.900615  -4.052599 12.341 -100.00 -100.00 -100.00
  69    29.937 55342.70703126 33.25 296.901513  -4.050099 14.070 -100.00 -100.00 -100.00
  69    30.036 55342.70703185 33.80 296.902410  -4.047598 14.375 -100.00 -100.00 -100.00
  70    30.268 55352.62267397 36.08 296.900202  -4.055443 26.881 -100.00 -100.00 -100.00
  70    30.297 55352.62267456 28.93 296.901099  -4.052943  8.523 -100.00 -100.00 -100.00
  70    30.267 55352.62267515 30.45 296.901996  -4.050442  9.774 -100.00 -100.00 -100.00
  70    30.198 55352.62267574 32.39 296.902894  -4.047942 12.847 -100.00 -100.00 -100.00
  71    30.342 55362.53831590 39.58 296.901567  -4.054569 25.190 -100.00 -100.00 -100.00
  71    30.442 55362.53831649 41.71 296.902465  -4.052068 31.673 -100.00 -100.00 -100.00
  71    30.294 55362.53831708 43.97 296.903362  -4.049568   -100 -100.00 -100.00 -100.00
  72    30.357 55372.45395534 31.31 296.902098  -4.054887 14.271 -100.00 -100.00 -100.00
  72    30.013 55372.45395593 31.75 296.902995  -4.052387 15.229 -100.00 -100.00 -100.00
  72    29.776 55372.45395652 31.69 296.903892  -4.049887 16.261 -100.00 -100.00 -100.00
  74    29.403 55392.28523015 30.13 296.904064  -4.056057 15.932 -100.00 -100.00 -100.00
  74    28.841 55392.28523074 30.36 296.904961  -4.053557 16.704 -100.00 -100.00 -100.00
  74    28.721 55392.28523133 32.12 296.905858  -4.051056 20.474 -100.00 -100.00 -100.00
  74    28.907 55392.28523192 31.83 296.906755  -4.048556 18.004 -100.00 -100.00 -100.00
  75    28.717 55402.20086565 44.04 296.906813  -4.057347 24.133 -100.00 -100.00 -100.00
  75    28.610 55402.20086624 49.18 296.907710  -4.054846   -100 -100.00 -100.00 -100.00
  75    28.401 55402.20086683 53.24 296.908607  -4.052346 10.146 -100.00 -100.00 -100.00
  75    28.234 55402.20086742 53.39 296.909504  -4.049846 10.326 -100.00 -100.00 -100.00
  76    27.544 55412.11651616 37.95 296.906038  -4.056391 15.344 -100.00 -100.00 -100.00
  76    27.336 55412.11651675 37.64 296.906935  -4.053891 15.137 -100.00 -100.00 -100.00
  76    27.381 55412.11651734 37.61 296.907832  -4.051391 16.319 -100.00 -100.00 -100.00
  77    25.864 55422.03216494 45.16 296.903802  -4.056969 32.129 -100.00 -100.00 -100.00
  77    25.793 55422.03216554 48.06 296.904699  -4.054469   -100 -100.00 -100.00 -100.00
  77    25.882 55422.03216613 47.21 296.905596  -4.051969   -100 -100.00 -100.00 -100.00
  77    25.755 55422.03216672 48.50 296.906493  -4.049469   -100 -100.00 -100.00 -100.00
  78    23.744 55431.94781184 28.50 296.902115  -4.054642 16.024 -100.00 -100.00 -100.00
  78    24.149 55431.94781243 29.17 296.903013  -4.052142 17.387 -100.00 -100.00 -100.00
  78    24.978 55431.94781302 26.56 296.903910  -4.049642 12.249 -100.00 -100.00 -100.00
  79    27.426 55441.86345652 23.14 296.899339  -4.054105 11.621 -100.00 -100.00 -100.00
  79    26.804 55441.86345711 20.50 296.900236  -4.051605  6.989 -100.00 -100.00 -100.00
  79    26.762 55441.86345770 20.11 296.901133  -4.049105  6.456 -100.00 -100.00 -100.00
  79    29.363 55441.86345829 24.83 296.902031  -4.046605 14.272 -100.00 -100.00 -100.00
  80    19.661 55451.77910024 32.47 296.898346  -4.052940 25.953 -100.00 -100.00 -100.00
  80    19.492 55451.77910083 28.93 296.899243  -4.050440 26.923 -100.00 -100.00 -100.00
  80    19.734 55451.77910142 24.20 296.900141  -4.047940 13.278 -100.00 -100.00 -100.00
  81    19.236 55461.69474291 37.33 296.898734  -4.054295 23.347 -100.00 -100.00 -100.00
  81    18.534 55461.69474350 39.88 296.899631  -4.051795   -100 -100.00 -100.00 -100.00
  81    18.269 55461.69474409 38.80 296.900528  -4.049295   -100 -100.00 -100.00 -100.00
  81    18.497 55461.69474468 32.23 296.901425  -4.046795 24.836 -100.00 -100.00 -100.00
  82    19.535 55471.61038404 32.25 296.900182  -4.056271 16.592 -100.00 -100.00 -100.00
  82    18.913 55471.61038463 35.51 296.901079  -4.053771 27.696 -100.00 -100.00 -100.00
  82    18.522 55471.61038523 35.55 296.901976  -4.051271   -100 -100.00 -100.00 -100.00
  82    18.949 55471.61038582 29.45 296.902874  -4.048771 21.962 -100.00 -100.00 -100.00
  83    17.625 55481.52602293 40.09 296.902633  -4.055188 23.550 -100.00 -100.00 -100.00
  83    17.116 55481.52602352 45.03 296.903530  -4.052688   -100 -100.00 -100.00 -100.00
  83    17.322 55481.52602411 39.64 296.904427  -4.050188   -100 -100.00 -100.00 -100.00
  84    17.102 55491.44165892 40.15 296.903916  -4.055517 20.901 -100.00 -100.00 -100.00
  84    16.448 55491.44165951 42.12 296.904813  -4.053017   -100 -100.00 -100.00 -100.00
  84    16.403 55491.44166010 46.12 296.905710  -4.050517   -100 -100.00 -100.00 -100.00
  85    17.572 55501.35729250 34.62 296.905127  -4.057055   -100 -100.00 -100.00 -100.00
  85    18.263 55501.35729309 41.08 296.906024  -4.054555 23.679 -100.00 -100.00 -100.00
  85    17.581 55501.35729368 44.49 296.906922  -4.052055  3.017 -100.00 -100.00 -100.00
  85    17.328 55501.35729427 30.48 296.907819  -4.049555 28.444 -100.00 -100.00 -100.00
  86    17.115 55511.27293596 35.67 296.904187  -4.057265   -100 -100.00 -100.00 -100.00
  86    17.611 55511.27293655 38.03 296.905085  -4.054765 30.223 -100.00 -100.00 -100.00
  86    17.294 55511.27293714 40.94 296.905982  -4.052265  1.557 -100.00 -100.00 -100.00
  86    17.155 55511.27293773 29.38 296.906879  -4.049765 20.417 -100.00 -100.00 -100.00
  87    19.607 55521.18858562 42.07 296.902831  -4.055756 20.484 -100.00 -100.00 -100.00
  87    18.909 55521.18858621 48.26 296.903728  -4.053256   -100 -100.00 -100.00 -100.00
  87    18.729 55521.18858680 51.01 296.904625  -4.050756  7.458 -100.00 -100.00 -100.00
  87    18.869 55521.18858739 50.87 296.905522  -4.048256  3.271 -100.00 -100.00 -100.00
  88    20.953 55531.10423381 41.24 296.901535  -4.055846 23.877 -100.00 -100.00 -100.00
  88    20.701 55531.10423440 43.94 296.902432  -4.053346   -100 -100.00 -100.00 -100.00
  88    20.365 55531.10423499 47.94 296.903329  -4.050846 12.262 -100.00 -100.00 -100.00
  88    20.430 55531.10423558 43.62 296.904226  -4.048346   -100 -100.00 -100.00 -100.00
  89    21.098 55541.01988104 39.63 296.901124  -4.053937 31.177 -100.00 -100.00 -100.00
  89    20.989 55541.01988163 40.40 296.902022  -4.051437   -100 -100.00 -100.00 -100.00
  89    20.754 55541.01988222 37.02 296.902919  -4.048937 25.412 -100.00 -100.00 -100.00
  90    23.758 55550.93552560 19.75 296.899592  -4.055179  6.704 -100.00 -100.00 -100.00
  90    22.994 55550.93552619 20.11 296.900489  -4.052679  6.262 -100.00 -100.00 -100.00
  90    24.877 55550.93552678 18.77 296.901386  -4.050179  3.989 -100.00 -100.00 -100.00
  90    30.822 55550.93552738 19.40 296.902283  -4.047678  4.880 -100.00 -100.00 -100.00
  91    21.316 55560.85116956 29.30 296.898863  -4.053358 12.731 -100.00 -100.00 -100.00
  91    21.169 55560.85117015 29.58 296.899760  -4.050858 13.250 -100.00 -100.00 -100.00
  91    21.230 55560.85117074 28.66 296.900657  -4.048358 11.699 -100.00 -100.00 -100.00
  92    21.869 55570.76681216 32.42 296.898334  -4.055079 14.427 -100.00 -100.00 -100.00
  92    21.958 55570.76681275 33.29 296.899231  -4.052578 15.068 -100.00 -100.00 -100.00
  92    21.895 55570.76681334 32.59 296.900128  -4.050078 15.226 -100.00 -100.00 -100.00
  92    21.977 55570.76681393 30.74 296.901025  -4.047578 11.380 -100.00 -100.00 -100.00
  93    22.175 55580.68245443 38.70 296.899917  -4.054189 23.874 -100.00 -100.00 -100.00
  93    22.186 55580.68245502 35.65 296.900814  -4.051689 17.696 -100.00 -100.00 -100.00
  93    22.124 55580.68245561 35.32 296.901711  -4.049188 17.015 -100.00 -100.00 -100.00
  93    29.988 55580.68245620 32.65 296.902608  -4.046688 10.304 -100.00 -100.00 -100.00
  94    29.501 55590.59809339 19.90 296.901621  -4.054878  4.966 -100.00 -100.00 -100.00
  94    29.371 55590.59809398 18.90 296.902518  -4.052378  3.727 -100.00 -100.00 -100.00
  94    28.877 55590.59809457 18.68 296.903416  -4.049877  3.739 -100.00 -100.00 -100.00
  94    31.164 55590.59809516 23.48 296.904313  -4.047377  7.687 -100.00 -100.00 -100.00
  95    23.686 55600.51372884 34.16 296.903473  -4.056412 21.761 -100.00 -100.00 -100.00
  95    23.254 55600.51372943 34.43 296.904371  -4.053912 22.204 -100.00 -100.00 -100.00
  95    23.258 55600.51373002 34.84 296.905268  -4.051411 24.992 -100.00 -100.00 -100.00
  95    23.109 55600.51373061 34.14 296.906166  -4.048911 21.445 -100.00 -100.00 -100.00
  96    24.684 55610.42936165 43.12 296.904696  -4.058183 29.181 -100.00 -100.00 -100.00
  96    24.890 55610.42936224 43.89 296.905593  -4.055682   -100 -100.00 -100.00 -100.00
  96    24.731 55610.42936284 48.64 296.906491  -4.053182   -100 -100.00 -100.00 -100.00
  96    24.463 55610.42936343 49.63 296.907388  -4.050682 15.843 -100.00 -100.00 -100.00
  97    25.214 55620.34499362 33.19 296.907136  -4.056991  8.378 -100.00 -100.00 -100.00
  97    25.265 55620.34499421 32.05 296.908034  -4.054491  7.155 -100.00 -100.00 -100.00
  97    25.118 55620.34499480 31.88 296.908931  -4.051991  6.373 -100.00 -100.00 -100.00
  98    26.398 55630.26064430 39.04 296.903722  -4.057574 17.184 -100.00 -100.00 -100.00
  98    26.258 55630.26064489 41.06 296.904620  -4.055073 21.379 -100.00 -100.00 -100.00
  98    25.849 55630.26064548 47.64 296.905517  -4.052573   -100 -100.00 -100.00 -100.00
  98    25.942 55630.26064607 50.70 296.906414  -4.050073   -100 -100.00 -100.00 -100.00
  99    23.493 55640.17629517 28.84 296.903391  -4.055027 10.757 -100.00 -100.00 -100.00
  99    25.502 55640.17629576 28.33 296.904288  -4.052526  8.872 -100.00 -100.00 -100.00
  99    23.981 55640.17629635 29.35 296.905186  -4.050026 12.044 -100.00 -100.00 -100.00
 100    26.671 55650.09194274 46.55 296.902612  -4.056329   -100 -100.00 -100.00 -100.00
 100    26.659 55650.09194333 48.13 296.903509  -4.053829   -100 -100.00 -100.00 -100.00
 100    26.654 55650.09194392 51.34 296.904407  -4.051329   -100 -100.00 -100.00 -100.00
 100    26.765 55650.09194451 49.04 296.905304  -4.048828   -100 -100.00 -100.00 -100.00
 101    27.439 55660.00758724 46.44 296.901739  -4.056315 27.792 -100.00 -100.00 -100.00
 101    27.543 55660.00758783 47.08 296.902636  -4.053815   -100 -100.00 -100.00 -100.00
 101    27.458 55660.00758842 50.09 296.903534  -4.051314   -100 -100.00 -100.00 -100.00
 101    27.230 55660.00758901 53.67 296.904431  -4.048814 14.584 -100.00 -100.00 -100.00
 102    28.208 55669.92322878 39.30 296.901101  -4.054591 20.555 -100.00 -100.00 -100.00
 102    28.164 55669.92322937 41.48 296.901998  -4.052090 28.722 -100.00 -100.00 -100.00
 102    28.255 55669.92322996 39.77 296.902896  -4.049590 21.540 -100.00 -100.00 -100.00
 102    28.257 55669.92323055 39.47 296.903793  -4.047090 18.618 -100.00 -100.00 -100.00
 103    28.835 55679.83886792 37.31 296.900426  -4.056159   -100 -100.00 -100.00 -100.00
 103    28.942 55679.83886851 28.51 296.901323  -4.053658 12.569 -100.00 -100.00 -100.00
 103    28.563 55679.83886910 28.76 296.902221  -4.051158 10.478 -100.00 -100.00 -100.00
 103    28.223 55679.83886969 29.81 296.903118  -4.048657 13.382 -100.00 -100.00 -100.00
 104    29.643 55689.75450596 32.75 296.902664  -4.055823 15.090 -100.00 -100.00 -100.00
 104    29.574 55689.75450655 31.46 296.903561  -4.053322 11.968 -100.00 -100.00 -100.00
 104    29.448 55689.75450714 31.18 296.904459  -4.050822 12.381 -100.00 -100.00 -100.00
 104    29.499 55689.75450773 32.77 296.905356  -4.048321 15.786 -100.00 -100.00 -100.00
 105    30.083 55699.67014212 35.73 296.905306  -4.057093 28.439 -100.00 -100.00 -100.00
 105    29.787 55699.67014271 31.28 296.906203  -4.054593 16.279 -100.00 -100.00 -100.00
 105    29.486 55699.67014330 31.36 296.907100  -4.052092 15.700 -100.00 -100.00 -100.00
 105    29.263 55699.67014389 35.31 296.907998  -4.049592 28.793 -100.00 -100.00 -100.00
 106    30.364 55709.58578062 39.14 296.906773  -4.058542 31.557 -100.00 -100.00 -100.00
 106    30.084 55709.58578121 37.83 296.907670  -4.056041 27.023 -100.00 -100.00 -100.00
 106    30.208 55709.58578180 36.90 296.908567  -4.053541 21.489 -100.00 -100.00 -100.00
 106    30.246 55709.58578240 35.40 296.909465  -4.051041 16.622 -100.00 -100.00 -100.00
 107    30.675 55719.50143088 38.89 296.904147  -4.057687 23.265 -100.00 -100.00 -100.00
 107    30.625 55719.50143147 34.58 296.905044  -4.055187 11.034 -100.00 -100.00 -100.00
 107    30.675 55719.50143207 34.65 296.905942  -4.052686 11.351 -100.00 -100.00 -100.00
 107    30.664 55719.50143266 35.41 296.906839  -4.050186 11.669 -100.00 -100.00 -100.00
 108    31.172 55729.41707880 46.34 296.901856  -4.056142 32.474 -100.00 -100.00 -100.00
 108    30.988 55729.41707939 49.60 296.902753  -4.053642   -100 -100.00 -100.00 -100.00
 108    31.025 55729.41707999 47.07 296.903651  -4.051142   -100 -100.00 -100.00 -100.00
 108    30.884 55729.41708058 49.73 296.904548  -4.048642  0.248 -100.00 -100.00 -100.00
 109    31.105 55739.33272498 40.64 296.900683  -4.055793 32.250 -100.00 -100.00 -100.00
 109    31.054 55739.33272557 37.16 296.901580  -4.053292 20.043 -100.00 -100.00 -100.00
 109    31.033 55739.33272616 36.59 296.902477  -4.050792 18.718 -100.00 -100.00 -100.00
 109    31.086 55739.33272675 37.09 296.903374  -4.048292 18.528 -100.00 -100.00 -100.00
 110    30.857 55749.24836980 42.80 296.900415  -4.056054   -100 -100.00 -100.00 -100.00
 110    30.691 55749.24837039 32.63 296.901312  -4.053553 10.062 -100.00 -100.00 -100.00
 110    30.741 55749.24837098 33.65 296.902209  -4.051053 12.217 -100.00 -100.00 -100.00
 110    30.848 55749.24837157 33.47 296.903106  -4.048553 11.714 -100.00 -100.00 -100.00
 111    30.587 55759.16401278 33.74 296.901918  -4.054532  7.777 -100.00 -100.00 -100.00
 111    30.697 55759.16401337 33.40 296.902815  -4.052032  7.409 -100.00 -100.00 -100.00
 111    30.953 55759.16401396 34.58 296.903712  -4.049532  8.533 -100.00 -100.00 -100.00
 112    30.446 55769.07965239 36.90 296.902802  -4.055855 24.374 -100.00 -100.00 -100.00
 112    30.277 55769.07965298 30.93 296.903699  -4.053355  9.827 -100.00 -100.00 -100.00
 112    30.331 55769.07965357 30.83 296.904597  -4.050855  8.261 -100.00 -100.00 -100.00
 112    30.190 55769.07965416 34.60 296.905494  -4.048355 17.230 -100.00 -100.00 -100.00
 113    29.714 55778.99528892 38.66 296.903468  -4.057247   -100 -100.00 -100.00 -100.00
 113    29.789 55778.99528951 30.34 296.904365  -4.054747 12.715 -100.00 -100.00 -100.00
 113    29.593 55778.99529010 30.07 296.905262  -4.052247 11.901 -100.00 -100.00 -100.00
 113    29.215 55778.99529069 32.32 296.906159  -4.049747 16.578 -100.00 -100.00 -100.00
 114    28.653 55788.91092336 40.04 296.904597  -4.057983 29.092 -100.00 -100.00 -100.00
 114    28.631 55788.91092395 39.42 296.905494  -4.055483 27.716 -100.00 -100.00 -100.00
 114    28.546 55788.91092454 40.24 296.906391  -4.052983 30.597 -100.00 -100.00 -100.00
 114    28.747 55788.91092513 41.68 296.907288  -4.050483   -100 -100.00 -100.00 -100.00
 115    27.942 55798.82655692 36.17 296.906471  -4.058819 22.356 -100.00 -100.00 -100.00
 115    27.587 55798.82655751 34.50 296.907368  -4.056319 18.816 -100.00 -100.00 -100.00
 115    27.022 55798.82655810 32.51 296.908265  -4.053819 14.113 -100.00 -100.00 -100.00
 115    27.293 55798.82655869 32.12 296.909162  -4.051319 11.636 -100.00 -100.00 -100.00
 116    27.662 55808.74220337 30.91 296.906176  -4.056977 11.366 -100.00 -100.00 -100.00
 116    24.081 55808.74220396 31.94 296.907073  -4.054477 15.303 -100.00 -100.00 -100.00
 116    25.967 55808.74220455 30.17 296.907971  -4.051977  9.552 -100.00 -100.00 -100.00
 116    26.343 55808.74220514 30.27 296.908868  -4.049477 10.526 -100.00 -100.00 -100.00
 117    21.093 55818.65785284 42.26 296.905558  -4.056554   -100 -100.00 -100.00 -100.00
 117    20.953 55818.65785343 44.10 296.906456  -4.054054   -100 -100.00 -100.00 -100.00
 117    20.981 55818.65785402 41.03 296.907353  -4.051554   -100 -100.00 -100.00 -100.00
 117    20.824 55818.65785461 38.35 296.908250  -4.049054 28.444 -100.00 -100.00 -100.00
 118    19.070 55828.57349815 36.64 296.906010  -4.056477 29.638 -100.00 -100.00 -100.00
 118    19.342 55828.57349874 40.11 296.906907  -4.053977   -100 -100.00 -100.00 -100.00
 118    19.480 55828.57349933 39.86 296.907804  -4.051477   -100 -100.00 -100.00 -100.00
 119    19.913 55838.48913856 41.06 296.905678  -4.057858 24.320 -100.00 -100.00 -100.00
 119    19.724 55838.48913915 43.31 296.906575  -4.055358   -100 -100.00 -100.00 -100.00
 119    19.716 55838.48913974 47.57 296.907472  -4.052858   -100 -100.00 -100.00 -100.00
 119    19.686 55838.48914033 47.89 296.908369  -4.050358   -100 -100.00 -100.00 -100.00
 120    21.569 55848.40477604 38.27 296.905350  -4.057655 22.538 -100.00 -100.00 -100.00
 120    21.187 55848.40477663 41.11 296.906247  -4.055155   -100 -100.00 -100.00 -100.00
 120    21.236 55848.40477722 36.61 296.907144  -4.052655   -100 -100.00 -100.00 -100.00
 120    20.856 55848.40477781 32.71 296.908042  -4.050155 23.333 -100.00 -100.00 -100.00
 121    22.204 55858.32041142 40.13 296.906730  -4.056746 23.168 -100.00 -100.00 -100.00
 121    21.884 55858.32041201 43.72 296.907627  -4.054246   -100 -100.00 -100.00 -100.00
 121    21.842 55858.32041260 48.60 296.908524  -4.051746   -100 -100.00 -100.00 -100.00
 122    20.789 55868.23605791 32.19 296.905296  -4.057591 18.378 -100.00 -100.00 -100.00
 122    20.812 55868.23605850 33.41 296.906194  -4.055091 20.156 -100.00 -100.00 -100.00
 122    20.921 55868.23605909 35.54 296.907091  -4.052591 24.107 -100.00 -100.00 -100.00
 122    21.098 55868.23605968 38.33 296.907988  -4.050091 24.973 -100.00 -100.00 -100.00
 123    20.532 55878.15170936 42.21 296.904187  -4.057528 18.435 -100.00 -100.00 -100.00
 123    20.741 55878.15170995 45.45 296.905084  -4.055027 20.093 -100.00 -100.00 -100.00
 123    20.311 55878.15171054 50.67 296.905981  -4.052527   -100 -100.00 -100.00 -100.00
 123    19.936 55878.15171113 55.42 296.906878  -4.050027 10.377 -100.00 -100.00 -100.00
 133    28.967 55977.30814135 33.65 296.901004  -4.054776  7.892 -100.00 -100.00 -100.00
 133    28.626 55977.30814194 33.66 296.901901  -4.052276 10.610 -100.00 -100.00 -100.00
 133    28.701 55977.30814253 32.34 296.902798  -4.049776  7.567 -100.00 -100.00 -100.00
 133    29.064 55977.30814312 32.78 296.903696  -4.047275  8.179 -100.00 -100.00 -100.00
 134    29.514 55987.22377730 33.67 296.904373  -4.055181 10.828 -100.00 -100.00 -100.00
 134    29.581 55987.22377789 34.30 296.905271  -4.052681 12.771 -100.00 -100.00 -100.00
 134    29.550 55987.22377848 37.25 296.906168  -4.050180 19.303 -100.00 -100.00 -100.00
 135    29.734 55997.13941521 30.99 296.907040  -4.057232 15.548 -100.00 -100.00 -100.00
 135    29.665 55997.13941580 29.42 296.907937  -4.054731  9.784 -100.00 -100.00 -100.00
 135    29.307 55997.13941639 32.14 296.908834  -4.052231 15.207 -100.00 -100.00 -100.00
 135    29.137 55997.13941698 33.02 296.909732  -4.049731 18.150 -100.00 -100.00 -100.00
 136    30.282 56007.05506613 44.32 296.905243  -4.056843   -100 -100.00 -100.00 -100.00
 136    30.279 56007.05506672 47.56 296.906140  -4.054342   -100 -100.00 -100.00 -100.00
 136    30.153 56007.05506731 49.11 296.907037  -4.051842  1.714 -100.00 -100.00 -100.00
 136    30.312 56007.05506790 46.63 296.907935  -4.049341   -100 -100.00 -100.00 -100.00
 137    30.451 56016.97071322 33.08 296.903098  -4.055482 15.850 -100.00 -100.00 -100.00
 137    30.203 56016.97071381 32.71 296.903995  -4.052982 13.779 -100.00 -100.00 -100.00
 137    30.256 56016.97071440 32.79 296.904893  -4.050481 13.478 -100.00 -100.00 -100.00
 137    30.353 56016.97071499 35.06 296.905790  -4.047981 19.085 -100.00 -100.00 -100.00
 139    31.384 56036.80200000 43.55 296.898598  -4.055650   -100 -100.00 -100.00 -100.00
 139    31.449 56036.80200059 33.60 296.899495  -4.053150 14.092 -100.00 -100.00 -100.00
 139    31.138 56036.80200118 36.03 296.900393  -4.050649 22.051 -100.00 -100.00 -100.00
 139    31.240 56036.80200177 35.95 296.901290  -4.048149 19.009 -100.00 -100.00 -100.00
 141    32.074 56056.63327958 35.44 296.903854  -4.055215 11.854 -100.00 -100.00 -100.00
 141    31.816 56056.63328017 35.97 296.904751  -4.052714 14.124 -100.00 -100.00 -100.00
 141    31.715 56056.63328076 38.12 296.905648  -4.050214 19.219 -100.00 -100.00 -100.00
 142    32.337 56066.54891313 35.93 296.907247  -4.057647 21.730 -100.00 -100.00 -100.00
 142    32.020 56066.54891372 34.93 296.908144  -4.055147 18.286 -100.00 -100.00 -100.00
 142    31.886 56066.54891431 35.70 296.909041  -4.052646 18.990 -100.00 -100.00 -100.00
 142    32.052 56066.54891490 35.13 296.909939  -4.050146 16.374 -100.00 -100.00 -100.00
 143    32.290 56076.46456086 35.08 296.905453  -4.055979 19.430 -100.00 -100.00 -100.00
 143    32.081 56076.46456145 36.51 296.906350  -4.053478 25.322 -100.00 -100.00 -100.00
 143    32.282 56076.46456204 38.25 296.907247  -4.050978 27.349 -100.00 -100.00 -100.00
 144    32.324 56086.38020954 34.97 296.902196  -4.054498 18.741 -100.00 -100.00 -100.00
 144    32.071 56086.38021013 36.81 296.903093  -4.051997 25.664 -100.00 -100.00 -100.00
 144    31.999 56086.38021072 38.39 296.903990  -4.049497   -100 -100.00 -100.00 -100.00
 145    32.359 56096.29585530 39.81 296.900442  -4.055179 16.279 -100.00 -100.00 -100.00
 145    32.334 56096.29585589 40.55 296.901339  -4.052678 19.422 -100.00 -100.00 -100.00
 145    32.353 56096.29585648 39.36 296.902236  -4.050178 15.445 -100.00 -100.00 -100.00
 145    32.385 56096.29585707 41.54 296.903133  -4.047678 20.745 -100.00 -100.00 -100.00
 146    32.187 56106.21149930 47.56 296.901329  -4.055126   -100 -100.00 -100.00 -100.00
 146    32.264 56106.21149989 49.12 296.902226  -4.052626   -100 -100.00 -100.00 -100.00
 146    32.247 56106.21150048 50.64 296.903123  -4.050126   -100 -100.00 -100.00 -100.00
 146    31.973 56106.21150107 52.01 296.904020  -4.047625 18.808 -100.00 -100.00 -100.00
 147    32.052 56116.12712857 46.37 296.902603  -4.056759   -100 -100.00 -100.00 -100.00
 147    31.895 56116.12712916 49.97 296.903500  -4.054259   -100 -100.00 -100.00 -100.00
 147    31.637 56116.12712975 52.95 296.904397  -4.051759  8.401 -100.00 -100.00 -100.00
 147    31.793 56116.12713034 53.91 296.905295  -4.049258 11.983 -100.00 -100.00 -100.00
 148    31.266 56126.04276599 44.99 296.904503  -4.057680   -100 -100.00 -100.00 -100.00
 148    31.238 56126.04276658 46.09 296.905400  -4.055180   -100 -100.00 -100.00 -100.00
 148    31.299 56126.04276717 42.46 296.906298  -4.052680 27.340 -100.00 -100.00 -100.00
 148    31.351 56126.04276776 46.04 296.907195  -4.050179   -100 -100.00 -100.00 -100.00
 149    30.628 56135.95839971 37.41 296.906080  -4.058296 20.670 -100.00 -100.00 -100.00
 149    30.443 56135.95840030 31.94 296.906977  -4.055796  8.758 -100.00 -100.00 -100.00
 149    30.263 56135.95840089 32.98 296.907874  -4.053296 10.471 -100.00 -100.00 -100.00
 149    30.336 56135.95840148 34.08 296.908771  -4.050796 12.861 -100.00 -100.00 -100.00
 150    29.504 56145.87404308 32.30 296.905430  -4.055823 11.708 -100.00 -100.00 -100.00
 150    29.399 56145.87404367 32.06 296.906327  -4.053323 11.747 -100.00 -100.00 -100.00
 150    29.266 56145.87404426 33.50 296.907224  -4.050823 15.782 -100.00 -100.00 -100.00
 151    28.510 56155.78969263 37.68 296.902491  -4.056742   -100 -100.00 -100.00 -100.00
 151    28.534 56155.78969322 29.20 296.903388  -4.054242 14.452 -100.00 -100.00 -100.00
 151    27.904 56155.78969381 28.21 296.904285  -4.051742 12.446 -100.00 -100.00 -100.00
 151    28.104 56155.78969440 29.56 296.905183  -4.049242 15.474 -100.00 -100.00 -100.00
 152    28.405 56165.70534177 29.06 296.901705  -4.056347 16.741 -100.00 -100.00 -100.00
 152    29.924 56165.70534236 23.75 296.902603  -4.053847  6.473 -100.00 -100.00 -100.00
 152    26.883 56165.70534295 27.05 296.903500  -4.051347 12.321 -100.00 -100.00 -100.00
 152    26.813 56165.70534354 30.04 296.904397  -4.048847 18.899 -100.00 -100.00 -100.00
 153    23.676 56175.62098876 35.92 296.902198  -4.055966 17.730 -100.00 -100.00 -100.00
 153    23.554 56175.62098935 37.77 296.903095  -4.053466 25.631 -100.00 -100.00 -100.00
 153    23.531 56175.62098994 37.70 296.903992  -4.050966 25.071 -100.00 -100.00 -100.00
 153    23.701 56175.62099053 35.15 296.904889  -4.048466 16.625 -100.00 -100.00 -100.00
 154    29.614 56185.53663085 20.89 296.903706  -4.055026  8.540 -100.00 -100.00 -100.00
 154    29.549 56185.53663144 20.06 296.904603  -4.052526  6.062 -100.00 -100.00 -100.00
 154    29.268 56185.53663203 20.10 296.905501  -4.050026  6.849 -100.00 -100.00 -100.00
 155    21.747 56195.45226844 43.76 296.903792  -4.056078 30.217 -100.00 -100.00 -100.00
 155    21.619 56195.45226903 45.61 296.904689  -4.053578   -100 -100.00 -100.00 -100.00
 155    21.394 56195.45226962 46.70 296.905586  -4.051078   -100 -100.00 -100.00 -100.00
 155    21.402 56195.45227021 48.24 296.906483  -4.048578  0.533 -100.00 -100.00 -100.00
 156    20.687 56205.36790301 36.97 296.904088  -4.056390 25.510 -100.00 -100.00 -100.00
 156    20.322 56205.36790360 42.51 296.904986  -4.053890   -100 -100.00 -100.00 -100.00
 156    20.184 56205.36790420 39.11 296.905883  -4.051390   -100 -100.00 -100.00 -100.00
 156    20.130 56205.36790479 29.53 296.906780  -4.048890 17.099 -100.00 -100.00 -100.00
 157    20.692 56215.28353576 35.39 296.905560  -4.057786 26.385 -100.00 -100.00 -100.00
 157    20.630 56215.28353635 37.38 296.906457  -4.055287 27.816 -100.00 -100.00 -100.00
 157    20.791 56215.28353694 40.44 296.907354  -4.052787 32.058 -100.00 -100.00 -100.00
 157    20.567 56215.28353753 43.56 296.908251  -4.050287   -100 -100.00 -100.00 -100.00
 158    21.314 56225.19917382 42.55 296.908096  -4.057888 22.020 -100.00 -100.00 -100.00
 158    20.980 56225.19917441 47.87 296.908993  -4.055388   -100 -100.00 -100.00 -100.00
 158    20.914 56225.19917500 51.75 296.909890  -4.052888   -100 -100.00 -100.00 -100.00
 158    20.905 56225.19917559 50.91 296.910787  -4.050388   -100 -100.00 -100.00 -100.00
 159    22.197 56235.11482889 42.54 296.906235  -4.058403 15.517 -100.00 -100.00 -100.00
 159    21.518 56235.11482948 44.73 296.907132  -4.055903 24.783 -100.00 -100.00 -100.00
 159    21.194 56235.11483007 51.73 296.908029  -4.053403   -100 -100.00 -100.00 -100.00
 159    21.240 56235.11483066 52.54 296.908926  -4.050903  8.953 -100.00 -100.00 -100.00
 160    21.549 56245.03048056 42.49 296.904838  -4.057256 20.479 -100.00 -100.00 -100.00
 160    21.023 56245.03048115 45.75 296.905735  -4.054756   -100 -100.00 -100.00 -100.00
 160    20.691 56245.03048174 45.80 296.906632  -4.052256   -100 -100.00 -100.00 -100.00
 160    20.679 56245.03048233 48.79 296.907529  -4.049756   -100 -100.00 -100.00 -100.00
 161    20.101 56254.94612748 41.70 296.903118  -4.055754   -100 -100.00 -100.00 -100.00
 161    19.975 56254.94612807 40.13 296.904015  -4.053254   -100 -100.00 -100.00 -100.00
 161    19.723 56254.94612866 37.43 296.904912  -4.050753   -100 -100.00 -100.00 -100.00
 161    19.840 56254.94612925 35.70 296.905809  -4.048253 20.996 -100.00 -100.00 -100.00
 162    21.454 56264.86177025 42.65 296.901448  -4.055947 22.570 -100.00 -100.00 -100.00
 162    20.923 56264.86177084 44.64 296.902345  -4.053447   -100 -100.00 -100.00 -100.00
 162    20.800 56264.86177144 48.77 296.903242  -4.050946  3.668 -100.00 -100.00 -100.00
 162    20.950 56264.86177203 44.28 296.904139  -4.048446   -100 -100.00 -100.00 -100.00
 165    29.169 56294.60870916 21.02 296.900649  -4.054243  6.588 -100.00 -100.00 -100.00
 165    28.706 56294.60870975 19.86 296.901546  -4.051742  5.216 -100.00 -100.00 -100.00
 165    29.622 56294.60871034 19.56 296.902444  -4.049242  4.047 -100.00 -100.00 -100.00
 166    25.280 56304.52435643 32.13 296.899760  -4.053315 10.813 -100.00 -100.00 -100.00
 166    25.217 56304.52435702 35.49 296.900657  -4.050814 20.576 -100.00 -100.00 -100.00
 166    25.288 56304.52435761 31.29 296.901554  -4.048314  9.851 -100.00 -100.00 -100.00
 167    26.684 56314.43999925 32.20 296.898169  -4.053947 26.326 -100.00 -100.00 -100.00
 167    26.539 56314.43999984 21.36 296.899067  -4.051447  4.187 -100.00 -100.00 -100.00
 167    26.153 56314.44000043 21.99 296.899964  -4.048946  4.879 -100.00 -100.00 -100.00
 167    30.121 56314.44000103 22.97 296.900861  -4.046446  6.159 -100.00 -100.00 -100.00
 168    27.300 56324.35563975 39.61 296.897365  -4.054840 31.056 -100.00 -100.00 -100.00
 168    27.166 56324.35564034 41.79 296.898263  -4.052340   -100 -100.00 -100.00 -100.00
 168    27.299 56324.35564093 35.78 296.899160  -4.049840 22.393 -100.00 -100.00 -100.00
 168    27.123 56324.35564152 39.19 296.900057  -4.047339   -100 -100.00 -100.00 -100.00
 169    28.071 56334.27127952 33.73 296.898623  -4.055414 18.731 -100.00 -100.00 -100.00
 169    27.638 56334.27128011 25.38 296.899520  -4.052913  5.803 -100.00 -100.00 -100.00
 169    27.299 56334.27128070 25.33 296.900418  -4.050413  6.217 -100.00 -100.00 -100.00
 169    27.203 56334.27128129 25.78 296.901315  -4.047913  6.475 -100.00 -100.00 -100.00
 170    28.410 56344.18691876 45.58 296.901593  -4.055520 29.923 -100.00 -100.00 -100.00
 170    28.332 56344.18691935 47.62 296.902490  -4.053020   -100 -100.00 -100.00 -100.00
 170    28.196 56344.18691994 50.82 296.903388  -4.050519   -100 -100.00 -100.00 -100.00
 170    27.994 56344.18692053 52.14 296.904285  -4.048019 11.056 -100.00 -100.00 -100.00
 171    28.891 56354.10255546 44.66 296.904721  -4.056903 25.840 -100.00 -100.00 -100.00
 171    28.765 56354.10255605 46.02 296.905619  -4.054402 31.403 -100.00 -100.00 -100.00
 171    28.644 56354.10255664 49.89 296.906516  -4.051902   -100 -100.00 -100.00 -100.00
 171    28.510 56354.10255723 51.19 296.907413  -4.049401  9.476 -100.00 -100.00 -100.00
 172    29.230 56364.01819876 47.62 296.904133  -4.058003   -100 -100.00 -100.00 -100.00
 172    29.064 56364.01819935 49.00 296.905030  -4.055502   -100 -100.00 -100.00 -100.00
 172    29.009 56364.01819994 48.92 296.905928  -4.053002   -100 -100.00 -100.00 -100.00
 172    29.243 56364.01820053 48.27 296.906825  -4.050501   -100 -100.00 -100.00 -100.00
 173    29.687 56373.93384801 30.72 296.901750  -4.055192 16.762 -100.00 -100.00 -100.00
 173    29.490 56373.93384860 28.76 296.902647  -4.052692 11.339 -100.00 -100.00 -100.00
 173    29.385 56373.93384919 28.97 296.903545  -4.050191 11.300 -100.00 -100.00 -100.00
 173    29.793 56373.93384978 31.39 296.904442  -4.047691 17.090 -100.00 -100.00 -100.00
 175    30.817 56393.76513839 38.52 296.897742  -4.054281   -100 -100.00 -100.00 -100.00
 175    30.801 56393.76513898 34.06 296.898639  -4.051781 25.391 -100.00 -100.00 -100.00
 175    30.385 56393.76513957 32.10 296.899536  -4.049280 18.787 -100.00 -100.00 -100.00
 175    30.094 56393.76514016 35.30 296.900433  -4.046780 29.385 -100.00 -100.00 -100.00
 176    31.000 56403.68078066 39.86 296.898795  -4.055578   -100 -100.00 -100.00 -100.00
 176    30.836 56403.68078125 30.31 296.899693  -4.053077 11.472 -100.00 -100.00 -100.00
 176    30.651 56403.68078184 31.22 296.900590  -4.050577 14.452 -100.00 -100.00 -100.00
 176    30.506 56403.68078243 33.41 296.901487  -4.048076 19.790 -100.00 -100.00 -100.00
 177    31.265 56413.59642032 39.80 296.901616  -4.055849 29.388 -100.00 -100.00 -100.00
 177    31.446 56413.59642091 32.44 296.902513  -4.053349  8.264 -100.00 -100.00 -100.00
 177    31.150 56413.59642150 33.98 296.903410  -4.050848 11.272 -100.00 -100.00 -100.00
 177    31.258 56413.59642209 34.95 296.904307  -4.048348 12.613 -100.00 -100.00 -100.00
 178    31.672 56423.51205446 36.27 296.904901  -4.058303 19.936 -100.00 -100.00 -100.00
 178    31.573 56423.51205505 35.48 296.905799  -4.055802 18.300 -100.00 -100.00 -100.00
 178    31.428 56423.51205564 35.02 296.906696  -4.053302 16.049 -100.00 -100.00 -100.00
 178    31.567 56423.51205623 35.76 296.907593  -4.050801 18.903 -100.00 -100.00 -100.00
 179    31.934 56433.42769839 36.51 296.904419  -4.057772 21.054 -100.00 -100.00 -100.00
 179    31.735 56433.42769898 35.10 296.905316  -4.055271 16.992 -100.00 -100.00 -100.00
 179    31.714 56433.42769957 34.95 296.906213  -4.052771 14.541 -100.00 -100.00 -100.00
 179    31.672 56433.42770016 36.35 296.907110  -4.050271 18.904 -100.00 -100.00 -100.00
 180    32.394 56443.34335057 47.01 296.900913  -4.054545   -100 -100.00 -100.00 -100.00
 180    32.307 56443.34335116 49.92 296.901810  -4.052045   -100 -100.00 -100.00 -100.00
 180    32.299 56443.34335175 51.61 296.902708  -4.049545   -100 -100.00 -100.00 -100.00
 180    32.239 56443.34335234 51.86 296.903605  -4.047044   -100 -100.00 -100.00 -100.00
 181    32.472 56453.25899941 47.00 296.898107  -4.054909 30.924 -100.00 -100.00 -100.00
 181    32.096 56453.25900000 47.88 296.899004  -4.052409   -100 -100.00 -100.00 -100.00
 181    32.152 56453.25900059 51.99 296.899901  -4.049909  0.799 -100.00 -100.00 -100.00
 181    32.241 56453.25900118 53.82 296.900798  -4.047408   -100 -100.00 -100.00 -100.00
 182    32.003 56463.17464617 47.05 296.898272  -4.053758   -100 -100.00 -100.00 -100.00
 182    32.043 56463.17464676 50.09 296.899169  -4.051258  1.354 -100.00 -100.00 -100.00
 182    32.126 56463.17464735 52.71 296.900066  -4.048757   -100 -100.00 -100.00 -100.00
 182    32.219 56463.17464794 51.55 296.900963  -4.046257   -100 -100.00 -100.00 -100.00
 184    31.563 56483.00592911 43.28 296.900430  -4.055552 31.372 -100.00 -100.00 -100.00
 184    31.365 56483.00592970 42.39 296.901328  -4.053051 30.278 -100.00 -100.00 -100.00
 184    31.627 56483.00593029 38.28 296.902225  -4.050551 14.304 -100.00 -100.00 -100.00
 184    31.496 56483.00593088 41.89 296.903122  -4.048051 25.618 -100.00 -100.00 -100.00
 185    31.035 56492.92156573 41.38 296.901414  -4.056500   -100 -100.00 -100.00 -100.00
 185    30.925 56492.92156632 35.29 296.902312  -4.054000 16.078 -100.00 -100.00 -100.00
 185    30.942 56492.92156691 33.34 296.903209  -4.051500 10.834 -100.00 -100.00 -100.00
 185    30.693 56492.92156750 34.58 296.904106  -4.049000 14.520 -100.00 -100.00 -100.00
 187    30.171 56512.75283377 33.81 296.907159  -4.058077 16.008 -100.00 -100.00 -100.00
 187    29.956 56512.75283437 32.91 296.908056  -4.055577 13.647 -100.00 -100.00 -100.00
 187    29.978 56512.75283496 35.08 296.908953  -4.053076 20.848 -100.00 -100.00 -100.00
 187    29.959 56512.75283555 36.13 296.909850  -4.050576 23.236 -100.00 -100.00 -100.00
 188    29.293 56522.66848202 38.47 296.906430  -4.059319 31.552 -100.00 -100.00 -100.00
 188    29.797 56522.66848261 28.69 296.907327  -4.056819  7.991 -100.00 -100.00 -100.00
 188    28.927 56522.66848320 29.03 296.908225  -4.054319  7.972 -100.00 -100.00 -100.00
 188    28.826 56522.66848379 30.40 296.909122  -4.051819 10.236 -100.00 -100.00 -100.00
 189    29.913 56532.58413535 26.55 296.905414  -4.055782  9.814 -100.00 -100.00 -100.00
 189    29.125 56532.58413594 26.47 296.906312  -4.053282  9.203 -100.00 -100.00 -100.00
 189    27.718 56532.58413653 29.58 296.907209  -4.050782 18.382 -100.00 -100.00 -100.00
 191    26.805 56552.41542890 37.51 296.901340  -4.054610 14.723 -100.00 -100.00 -100.00
 191    26.584 56552.41542949 39.46 296.902237  -4.052110 20.004 -100.00 -100.00 -100.00
 191    26.980 56552.41543008 34.38 296.903134  -4.049610  7.402 -100.00 -100.00 -100.00
 192    25.767 56562.33107126 42.67 296.900102  -4.054807 19.863 -100.00 -100.00 -100.00
 192    25.404 56562.33107185 47.90 296.900999  -4.052307   -100 -100.00 -100.00 -100.00
 192    25.170 56562.33107244 53.22 296.901896  -4.049807   -100 -100.00 -100.00 -100.00
 192    24.947 56562.33107303 55.16 296.902793  -4.047307 30.387 -100.00 -100.00 -100.00
 193    29.190 56572.24671273 23.15 296.900982  -4.053855  6.347 -100.00 -100.00 -100.00
 193    27.230 56572.24671332 22.97 296.901879  -4.051355  5.565 -100.00 -100.00 -100.00
 193    24.268 56572.24671391 24.07 296.902776  -4.048855  7.126 -100.00 -100.00 -100.00
 194    22.686 56582.16235166 39.03 296.902451  -4.056752 24.058 -100.00 -100.00 -100.00
 194    22.649 56582.16235225 36.40 296.903348  -4.054252 16.426 -100.00 -100.00 -100.00
 194    22.612 56582.16235284 37.68 296.904245  -4.051752 20.609 -100.00 -100.00 -100.00
 194    22.522 56582.16235343 38.01 296.905141  -4.049252 20.074 -100.00 -100.00 -100.00
 195    27.535 56592.07798687 26.81 296.906685  -4.058025  8.737 -100.00 -100.00 -100.00
 195    27.470 56592.07798746 25.81 296.907582  -4.055524  8.599 -100.00 -100.00 -100.00
 195    22.558 56592.07798805 27.83 296.908479  -4.053025 11.921 -100.00 -100.00 -100.00
 195    23.298 56592.07798864 25.22 296.909376  -4.050524  6.384 -100.00 -100.00 -100.00
 196    23.608 56601.99363719 41.77 296.905390  -4.056614 26.823 -100.00 -100.00 -100.00
 196    23.461 56601.99363778 45.98 296.906287  -4.054114   -100 -100.00 -100.00 -100.00
 196    23.371 56601.99363837 48.93 296.907184  -4.051614   -100 -100.00 -100.00 -100.00
 196    23.423 56601.99363896 49.93 296.908081  -4.049114   -100 -100.00 -100.00 -100.00
 197    27.039 56611.90928718 23.18 296.902783  -4.054773  5.058 -100.00 -100.00 -100.00
 197    26.946 56611.90928777 22.99 296.903680  -4.052273  5.304 -100.00 -100.00 -100.00
 197    25.631 56611.90928836 23.24 296.904577  -4.049773  5.025 -100.00 -100.00 -100.00
 198    24.122 56621.82493242 30.12 296.900658  -4.055783 18.447 -100.00 -100.00 -100.00
 198    24.120 56621.82493301 26.82 296.901555  -4.053282  9.796 -100.00 -100.00 -100.00
 198    24.153 56621.82493360 25.88 296.902452  -4.050782 10.662 -100.00 -100.00 -100.00
 198    24.066 56621.82493419 25.63 296.903349  -4.048282  8.785 -100.00 -100.00 -100.00
 199    29.470 56631.74057526 21.64 296.900421  -4.055550  4.255 -100.00 -100.00 -100.00
 199    25.061 56631.74057585 21.50 296.901319  -4.053050  4.587 -100.00 -100.00 -100.00
 199    26.791 56631.74057644 21.50 296.902216  -4.050550  4.744 -100.00 -100.00 -100.00
 199    26.219 56631.74057703 22.02 296.903113  -4.048049  6.239 -100.00 -100.00 -100.00
 200    25.229 56641.65621390 33.86 296.902327  -4.056665 23.646 -100.00 -100.00 -100.00
 200    25.299 56641.65621449 32.71 296.903224  -4.054164 19.886 -100.00 -100.00 -100.00
 200    25.404 56641.65621508 31.10 296.904121  -4.051664 15.717 -100.00 -100.00 -100.00
 200    25.277 56641.65621567 36.14 296.905018  -4.049164 32.727 -100.00 -100.00 -100.00
 201    29.288 56651.57186341 19.40 296.902084  -4.055264  4.313 -100.00 -100.00 -100.00
 201    26.874 56651.57186400 19.45 296.902981  -4.052764  4.151 -100.00 -100.00 -100.00
 201    26.390 56651.57186459 20.14 296.903878  -4.050264  5.422 -100.00 -100.00 -100.00
 201    30.287 56651.57186518 20.60 296.904776  -4.047763  5.169 -100.00 -100.00 -100.00
 202    26.006 56661.48751357 25.47 296.899526  -4.055718 13.604 -100.00 -100.00 -100.00
 202    26.070 56661.48751416 21.08 296.900424  -4.053218  6.674 -100.00 -100.00 -100.00
 202    25.771 56661.48751475 22.18 296.901321  -4.050718  7.439 -100.00 -100.00 -100.00
 202    25.903 56661.48751534 21.24 296.902218  -4.048218  6.000 -100.00 -100.00 -100.00
 203    26.376 56671.40316072 34.73 296.897949  -4.054512 27.491 -100.00 -100.00 -100.00
 203    26.285 56671.40316131 25.70 296.898846  -4.052012  7.862 -100.00 -100.00 -100.00
 203    26.199 56671.40316190 24.19 296.899744  -4.049511  5.256 -100.00 -100.00 -100.00
 203    26.226 56671.40316249 24.64 296.900641  -4.047011  4.919 -100.00 -100.00 -100.00
 205    27.680 56691.23444851 42.90 296.898796  -4.054181 23.263 -100.00 -100.00 -100.00
 205    27.432 56691.23444910 48.15 296.899693  -4.051681   -100 -100.00 -100.00 -100.00
 205    27.327 56691.23444969 51.42 296.900591  -4.049180   -100 -100.00 -100.00 -100.00
 205    27.322 56691.23445028 54.21 296.901488  -4.046680 28.196 -100.00 -100.00 -100.00
 206    27.959 56701.15008786 44.61 296.901969  -4.054289 31.250 -100.00 -100.00 -100.00
 206    27.792 56701.15008845 50.35 296.902867  -4.051789   -100 -100.00 -100.00 -100.00
 206    27.448 56701.15008904 54.04 296.903764  -4.049289 27.308 -100.00 -100.00 -100.00
 207    27.353 56711.06572197 27.51 296.904755  -4.056443  8.208 -100.00 -100.00 -100.00
 207    27.256 56711.06572256 26.29 296.905653  -4.053943  6.345 -100.00 -100.00 -100.00
 207    27.185 56711.06572315 26.11 296.906550  -4.051442  6.753 -100.00 -100.00 -100.00
 207    27.121 56711.06572374 28.29 296.907447  -4.048942  9.327 -100.00 -100.00 -100.00
 208    28.104 56720.98136574 39.16 296.903562  -4.055600 20.109 -100.00 -100.00 -100.00
 208    28.058 56720.98136633 38.34 296.904459  -4.053100 20.572 -100.00 -100.00 -100.00
 208    28.003 56720.98136692 38.77 296.905357  -4.050599 20.225 -100.00 -100.00 -100.00
 209    28.599 56730.89701738 32.14 296.899209  -4.055000 16.180 -100.00 -100.00 -100.00
 209    28.428 56730.89701797 31.53 296.900107  -4.052500 16.701 -100.00 -100.00 -100.00
 209    28.589 56730.89701856 30.74 296.901004  -4.049999 12.603 -100.00 -100.00 -100.00
 209    28.587 56730.89701915 34.46 296.901902  -4.047499 24.767 -100.00 -100.00 -100.00
 211    29.779 56750.72830977 30.61 296.897477  -4.054491 16.263 -100.00 -100.00 -100.00
 211    29.771 56750.72831036 33.91 296.898375  -4.051990 24.486 -100.00 -100.00 -100.00
 211    29.299 56750.72831095 31.07 296.899272  -4.049490 16.400 -100.00 -100.00 -100.00
 211    28.798 56750.72831154 31.79 296.900169  -4.046989 17.481 -100.00 -100.00 -100.00
 212    30.037 56760.64394886 32.16 296.900364  -4.055576 22.965 -100.00 -100.00 -100.00
 212    29.878 56760.64394945 28.67 296.901261  -4.053075 13.002 -100.00 -100.00 -100.00
 212    29.279 56760.64395004 29.99 296.902158  -4.050575 14.986 -100.00 -100.00 -100.00
 212    29.261 56760.64395063 31.63 296.903056  -4.048074 19.831 -100.00 -100.00 -100.00
 213    30.198 56770.55958162 29.88 296.905069  -4.055881 11.280 -100.00 -100.00 -100.00
 213    30.188 56770.55958221 30.36 296.905967  -4.053380 12.439 -100.00 -100.00 -100.00
 213    29.889 56770.55958280 32.40 296.906864  -4.050879 17.841 -100.00 -100.00 -100.00
 214    30.870 56780.47523420 32.92 296.901645  -4.055679 19.732 -100.00 -100.00 -100.00
 214    30.501 56780.47523479 31.88 296.902542  -4.053178 17.272 -100.00 -100.00 -100.00
 214    30.230 56780.47523538 31.92 296.903440  -4.050678 19.019 -100.00 -100.00 -100.00
 214    30.305 56780.47523597 31.30 296.904337  -4.048178 14.732 -100.00 -100.00 -100.00
 215    31.089 56790.39088919 34.13 296.898156  -4.052758 12.501 -100.00 -100.00 -100.00
 215    30.866 56790.39088978 34.24 296.899053  -4.050257 12.377 -100.00 -100.00 -100.00
 215    30.879 56790.39089037 32.71 296.899950  -4.047757  9.249 -100.00 -100.00 -100.00
 216    31.453 56800.30654005 42.02 296.894393  -4.053329   -100 -100.00 -100.00 -100.00
 216    31.439 56800.30654064 32.14 296.895290  -4.050829 15.262 -100.00 -100.00 -100.00
 216    31.139 56800.30654123 31.77 296.896188  -4.048328 13.265 -100.00 -100.00 -100.00
 216    31.152 56800.30654182 35.20 296.897085  -4.045828 22.380 -100.00 -100.00 -100.00
 217    31.890 56810.22218464 42.26 296.894497  -4.052953   -100 -100.00 -100.00 -100.00
 217    31.908 56810.22218523 33.00 296.895394  -4.050453 14.328 -100.00 -100.00 -100.00
 217    31.459 56810.22218582 33.98 296.896291  -4.047952 19.332 -100.00 -100.00 -100.00
 217    31.663 56810.22218641 38.38 296.897189  -4.045452 29.836 -100.00 -100.00 -100.00
 219    31.931 56830.05346006 38.49 296.899625  -4.054490 22.563 -100.00 -100.00 -100.00
 219    32.006 56830.05346065 35.25 296.900522  -4.051990 11.873 -100.00 -100.00 -100.00
 219    32.009 56830.05346124 35.72 296.901419  -4.049490 12.472 -100.00 -100.00 -100.00
 219    31.933 56830.05346183 36.66 296.902317  -4.046989 15.683 -100.00 -100.00 -100.00
 220    32.077 56839.96909275 46.52 296.903013  -4.055766   -100 -100.00 -100.00 -100.00
 220    32.053 56839.96909334 44.27 296.903910  -4.053266   -100 -100.00 -100.00 -100.00
 220    32.066 56839.96909393 49.25 296.904807  -4.050766   -100 -100.00 -100.00 -100.00
 220    32.075 56839.96909452 46.30 296.905704  -4.048266   -100 -100.00 -100.00 -100.00
 221    31.785 56849.88472697 33.69 296.905576  -4.056334 17.266 -100.00 -100.00 -100.00
 221    31.651 56849.88472756 34.04 296.906473  -4.053834 18.866 -100.00 -100.00 -100.00
 221    31.603 56849.88472815 35.50 296.907370  -4.051334 19.763 -100.00 -100.00 -100.00
 222    31.564 56859.80038158 33.66 296.902318  -4.055108 14.956 -100.00 -100.00 -100.00
 222    31.484 56859.80038217 33.58 296.903216  -4.052608 15.088 -100.00 -100.00 -100.00
 222    31.459 56859.80038276 33.21 296.904113  -4.050108 13.407 -100.00 -100.00 -100.00
 222    31.677 56859.80038335 36.54 296.905010  -4.047608 20.997 -100.00 -100.00 -100.00
 223    31.236 56869.71603534 41.99 296.900363  -4.055065   -100 -100.00 -100.00 -100.00
 223    31.382 56869.71603593 33.66 296.901260  -4.052565 11.575 -100.00 -100.00 -100.00
 223    31.131 56869.71603652 34.86 296.902157  -4.050065 14.665 -100.00 -100.00 -100.00
 223    30.983 56869.71603711 36.73 296.903054  -4.047565 18.928 -100.00 -100.00 -100.00
 224    30.833 56879.63168659 38.52 296.899176  -4.055496 28.448 -100.00 -100.00 -100.00
 224    30.714 56879.63168718 30.54 296.900073  -4.052995  8.528 -100.00 -100.00 -100.00
 224    30.423 56879.63168777 30.77 296.900970  -4.050495 10.426 -100.00 -100.00 -100.00
 224    30.306 56879.63168836 33.03 296.901867  -4.047995 13.066 -100.00 -100.00 -100.00
 225    30.092 56889.54733481 40.41 296.898568  -4.053436 29.527 -100.00 -100.00 -100.00
 225    29.970 56889.54733540 37.85 296.899465  -4.050936 19.719 -100.00 -100.00 -100.00
 225    29.988 56889.54733600 38.09 296.900362  -4.048436 19.130 -100.00 -100.00 -100.00
 226    29.223 56899.46297977 30.93 296.896899  -4.052351 16.272 -100.00 -100.00 -100.00
 226    29.117 56899.46298036 30.80 296.897796  -4.049851 15.176 -100.00 -100.00 -100.00
 226    29.072 56899.46298095 29.92 296.898693  -4.047351 11.215 -100.00 -100.00 -100.00
 227    28.185 56909.37862186 42.06 296.894860  -4.053094   -100 -100.00 -100.00 -100.00
 227    28.197 56909.37862245 44.65 296.895757  -4.050594   -100 -100.00 -100.00 -100.00
 227    28.387 56909.37862304 41.80 296.896654  -4.048094   -100 -100.00 -100.00 -100.00
 227    28.485 56909.37862363 40.15 296.897551  -4.045594 32.275 -100.00 -100.00 -100.00
 228    27.126 56919.29426244 31.22 296.895716  -4.053055 12.279 -100.00 -100.00 -100.00
 228    27.083 56919.29426303 38.65 296.896613  -4.050555   -100 -100.00 -100.00 -100.00
 228    27.415 56919.29426362 40.05 296.897511  -4.048055 28.551 -100.00 -100.00 -100.00
 228    27.561 56919.29426421 40.97 296.898408  -4.045555 25.719 -100.00 -100.00 -100.00
 229    25.931 56929.20990102 44.22 296.899115  -4.053618 26.145 -100.00 -100.00 -100.00
 229    25.627 56929.20990161 44.11 296.900012  -4.051118   -100 -100.00 -100.00 -100.00
 229    25.563 56929.20990220 43.61 296.900909  -4.048618 31.620 -100.00 -100.00 -100.00
 230    29.427 56939.12553467 23.58 296.903114  -4.056867  7.338 -100.00 -100.00 -100.00
 230    27.679 56939.12553526 23.58 296.904011  -4.054367  6.832 -100.00 -100.00 -100.00
 230    26.711 56939.12553585 24.39 296.904908  -4.051867  7.388 -100.00 -100.00 -100.00
 230    24.923 56939.12553644 25.34 296.905805  -4.049367  8.623 -100.00 -100.00 -100.00
 231    23.572 56949.04117011 37.97 296.906548  -4.057769 30.846 -100.00 -100.00 -100.00
 231    23.497 56949.04117070 35.86 296.907445  -4.055269 27.042 -100.00 -100.00 -100.00
 231    23.548 56949.04117129 34.56 296.908342  -4.052769 22.927 -100.00 -100.00 -100.00
 231    23.648 56949.04117188 33.49 296.909239  -4.050269 19.251 -100.00 -100.00 -100.00
 232    24.162 56958.95682297 40.07 296.903195  -4.055963 30.280 -100.00 -100.00 -100.00
 232    24.030 56958.95682356 42.99 296.904092  -4.053463   -100 -100.00 -100.00 -100.00
 232    23.912 56958.95682416 41.88 296.904989  -4.050963   -100 -100.00 -100.00 -100.00
 232    24.054 56958.95682475 42.72 296.905886  -4.048463   -100 -100.00 -100.00 -100.00
 233    24.162 56968.87247097 27.39 296.900583  -4.054227 12.510 -100.00 -100.00 -100.00
 233    24.007 56968.87247156 27.92 296.901481  -4.051727 13.662 -100.00 -100.00 -100.00
 233    24.186 56968.87247215 26.42 296.902378  -4.049227 10.191 -100.00 -100.00 -100.00
 234    24.245 56978.78811516 30.27 296.900099  -4.054099 18.818 -100.00 -100.00 -100.00
 234    24.325 56978.78811575 27.68 296.900996  -4.051599 12.890 -100.00 -100.00 -100.00
 234    24.433 56978.78811634 27.75 296.901894  -4.049099 12.349 -100.00 -100.00 -100.00
 235    24.732 56988.70375471 29.68 296.901436  -4.056073 15.986 -100.00 -100.00 -100.00
 235    24.821 56988.70375530 25.96 296.902333  -4.053573  7.898 -100.00 -100.00 -100.00
 235    25.666 56988.70375589 24.63 296.903230  -4.051073  5.412 -100.00 -100.00 -100.00
 235    26.301 56988.70375648 25.02 296.904127  -4.048573  5.188 -100.00 -100.00 -100.00
 236    27.054 56998.61938834 30.49 296.905463  -4.057726 11.481 -100.00 -100.00 -100.00
 236    25.206 56998.61938893 30.85 296.906361  -4.055226 12.669 -100.00 -100.00 -100.00
 236    25.052 56998.61938952 31.21 296.907258  -4.052726 12.636 -100.00 -100.00 -100.00
 236    25.381 56998.61939011 28.94 296.908155  -4.050226 10.304 -100.00 -100.00 -100.00
 237    29.644 57008.53503962 20.65 296.904487  -4.055311  4.300 -100.00 -100.00 -100.00
 237    27.490 57008.53504022 21.26 296.905385  -4.052810  5.096 -100.00 -100.00 -100.00
 237    28.866 57008.53504081 21.47 296.906282  -4.050310  4.929 -100.00 -100.00 -100.00
 238    26.140 57018.45069280 22.65 296.901170  -4.054406  5.249 -100.00 -100.00 -100.00
 238    26.180 57018.45069339 21.68 296.902068  -4.051906  4.338 -100.00 -100.00 -100.00
 238    25.950 57018.45069398 22.54 296.902965  -4.049406  4.994 -100.00 -100.00 -100.00
 239    26.264 57028.36634249 29.08 296.898733  -4.053763 18.694 -100.00 -100.00 -100.00
 239    26.558 57028.36634308 21.72 296.899630  -4.051263  5.408 -100.00 -100.00 -100.00
 239    26.284 57028.36634367 21.48 296.900527  -4.048762  4.360 -100.00 -100.00 -100.00
 239    26.626 57028.36634426 22.81 296.901425  -4.046262  6.477 -100.00 -100.00 -100.00
 240    28.078 57038.28198991 42.07 296.897369  -4.055124 16.980 -100.00 -100.00 -100.00
 240    27.616 57038.28199050 45.11 296.898266  -4.052624 24.361 -100.00 -100.00 -100.00
 240    27.051 57038.28199109 51.50 296.899164  -4.050123   -100 -100.00 -100.00 -100.00
 240    26.964 57038.28199168 55.31 296.900061  -4.047623 16.515 -100.00 -100.00 -100.00
 241    27.734 57048.19763559 29.02 296.898963  -4.053838 12.101 -100.00 -100.00 -100.00
 241    27.586 57048.19763618 26.59 296.899860  -4.051338  7.381 -100.00 -100.00 -100.00
 241    27.695 57048.19763677 26.28 296.900758  -4.048838  6.108 -100.00 -100.00 -100.00
 241    27.521 57048.19763736 28.28 296.901655  -4.046337  9.629 -100.00 -100.00 -100.00
 242    28.577 57058.11327697 43.05 296.901107  -4.055230 24.514 -100.00 -100.00 -100.00
 242    28.440 57058.11327756 45.29 296.902004  -4.052729 32.038 -100.00 -100.00 -100.00
 242    28.612 57058.11327815 48.06 296.902901  -4.050229   -100 -100.00 -100.00 -100.00
 242    28.386 57058.11327874 50.73 296.903798  -4.047728  6.963 -100.00 -100.00 -100.00
 243    28.570 57068.02891306 31.21 296.903563  -4.055468 10.559 -100.00 -100.00 -100.00
 243    28.341 57068.02891366 30.27 296.904461  -4.052968  9.450 -100.00 -100.00 -100.00
 243    28.279 57068.02891425 29.32 296.905358  -4.050467  6.512 -100.00 -100.00 -100.00
 244    29.039 57077.94454487 30.95 296.905021  -4.056497 10.200 -100.00 -100.00 -100.00
 244    29.031 57077.94454546 29.84 296.905918  -4.053996  6.916 -100.00 -100.00 -100.00
 244    29.034 57077.94454605 31.01 296.906815  -4.051496  8.514 -100.00 -100.00 -100.00
 244    29.010 57077.94454665 33.86 296.907713  -4.048995 14.438 -100.00 -100.00 -100.00
 245    29.449 57087.86017834 36.11 296.905964  -4.058028 25.794 -100.00 -100.00 -100.00
 245    29.391 57087.86017893 32.01 296.906861  -4.055528 13.722 -100.00 -100.00 -100.00
 245    29.473 57087.86017952 31.20 296.907759  -4.053027 10.577 -100.00 -100.00 -100.00
 245    29.277 57087.86018011 34.84 296.908656  -4.050527 19.677 -100.00 -100.00 -100.00
 246    29.722 57097.77583725 39.02 296.901608  -4.056291   -100 -100.00 -100.00 -100.00
 246    29.940 57097.77583784 30.82 296.902505  -4.053790 10.891 -100.00 -100.00 -100.00
 246    29.687 57097.77583843 31.46 296.903403  -4.051290 13.119 -100.00 -100.00 -100.00
 246    29.235 57097.77583902 33.70 296.904300  -4.048789 18.842 -100.00 -100.00 -100.00
 247    30.338 57107.69149340 40.28 296.899738  -4.054791   -100 -100.00 -100.00 -100.00
 247    30.153 57107.69149399 30.09 296.900635  -4.052290  9.054 -100.00 -100.00 -100.00
 247    29.966 57107.69149458 32.77 296.901532  -4.049789 15.871 -100.00 -100.00 -100.00
 247    29.587 57107.69149517 33.13 296.902429  -4.047289 17.023 -100.00 -100.00 -100.00
 248    30.673 57117.60714454 32.88 296.900219  -4.053888 22.102 -100.00 -100.00 -100.00
 248    30.486 57117.60714513 30.22 296.901117  -4.051388 13.405 -100.00 -100.00 -100.00
 248    30.014 57117.60714572 31.75 296.902014  -4.048887 17.323 -100.00 -100.00 -100.00
 249    31.147 57127.52278896 35.65 296.900145  -4.054475 25.739 -100.00 -100.00 -100.00
 249    30.763 57127.52278956 30.30 296.901043  -4.051974 13.525 -100.00 -100.00 -100.00
 249    30.596 57127.52279015 31.89 296.901940  -4.049474 14.989 -100.00 -100.00 -100.00
 249    30.584 57127.52279074 33.35 296.902837  -4.046973 17.451 -100.00 -100.00 -100.00
 250    31.404 57137.43842786 36.85 296.900282  -4.054141 13.040 -100.00 -100.00 -100.00
 250    31.238 57137.43842845 36.61 296.901179  -4.051641 13.731 -100.00 -100.00 -100.00
 250    31.248 57137.43842904 35.63 296.902076  -4.049140 12.074 -100.00 -100.00 -100.00
