#    0.000   0.000   0.000 ;Mean Elev.(m), Avg Gradient(m/km), RMS Gradient(m/km) - SRTM1     
#    0.000   0.000   0.000 ;Mean Elev.(m), Avg Gradient(m/km), RMS Gradient(m/km) - ASTER GDEM
#    1.145  -0.280   0.778 ;Mean Elev.(m), Avg Gradient(m/km), RMS Gradient(m/km) - GMTED2010 
   1 306.160748  -1.951104     5.135     5.619 40 54667.42880169 30.028
   2 306.159152  -1.952479     5.745     5.824 41 54677.34444537 29.227
   3 306.159993  -1.952009     4.328     5.069 41 54687.26008820 27.098
   4 306.163366  -1.950236     5.398     5.556 40 54697.17572971 29.251
   5 306.153149  -1.985852     5.713     5.758 11 54707.09136221 29.118
   6 306.163259  -1.950301     4.835     4.807 39 54717.00702212 24.956
   7 306.158974  -1.953304     4.405     4.346 40 54726.92267059 24.851
   8 306.155105  -1.953849     3.930     3.762 41 54736.83831828 27.561
   9 306.152002  -1.955071     3.731     3.532 41 54746.75396563 24.687
  10 306.150657  -1.955904     3.954     3.869 41 54756.66961285 28.771
  11 306.151846  -1.955043     3.695     3.570 41 54766.58525885 24.741
  12 306.153439  -1.954934     3.171     3.033 41 54776.50090151 27.699
  13 306.154662  -1.954176     3.308     3.222 40 54786.41654168 24.230
  14 306.155369  -1.954398     3.351     3.195 41 54796.33218011 23.616
  17 306.161706  -1.951615     3.862     4.047 40 54826.07910362 24.635
  18 306.157636  -1.953526     4.098     4.290 40 54835.99474221 27.725
  19 306.153026  -1.955149     3.781     4.373 41 54845.91039123 18.069
  20 306.149966  -1.956487     4.425     4.831 41 54855.82604003 28.029
  21 306.148902  -1.956810     4.501     4.866 41 54865.74168926 29.152
  22 306.148776  -1.956972     5.626     5.656 41 54875.65733817 31.234
  23 306.149800  -1.956122     5.005     5.320 41 54885.57298445 28.857
  24 306.149308  -1.956458     5.359     5.594 41 54895.48862671 30.519
  25 306.147966  -1.957501     5.709     5.965 42 54905.40426582 32.672
  26 306.148290  -1.957354     5.889     6.128 42 54915.31990381 38.728
  27 306.150596  -1.955567     6.921     6.976 41 54925.23554183 37.107
  28 306.154403  -1.954184     6.157     6.346 41 54935.15117917 38.217
  29 306.159230  -1.953159     6.211     6.592 40 54945.06681460 37.196
  30 306.158857  -1.966897     6.722     6.834 25 54954.98244423 38.420
  31 306.162682  -1.950953     7.600     7.694 40 54964.89809423 38.167
  32 306.159325  -1.952429     6.462     6.823 40 54974.81374174 34.579
  33 306.157654  -1.952978     6.580     7.117 41 54984.72938939 36.841
  34 306.157898  -1.952706     6.308     6.667 41 54994.64503729 31.239
  35 306.157513  -1.953260     6.187     6.525 40 55004.56068359 31.668
  36 306.155891  -1.954368     6.263     6.549 41 55014.47632732 29.807
  37 306.154255  -1.955202     6.133     6.264 41 55024.39196955 38.724
  38 306.154097  -1.954294     5.807     6.050 41 55034.30761146 32.104
  39 306.155826  -1.954382     5.471     5.491 40 55044.22325258 29.506
  40 306.161054  -1.950875     5.319     5.612 40 55054.13889306 30.864
  41 306.159819  -1.963446     5.259     5.129 29 55064.05452755 33.954
  42 306.162116  -1.951106     5.272     5.708 40 55073.97017624 31.897
  43 306.156894  -1.953722     5.357     5.534 41 55083.88582332 30.803
  44 306.153276  -1.954733     4.993     5.133 41 55093.80146967 27.103
  45 306.151476  -1.956618     4.515     4.640 41 55103.71711599 31.366
  46 306.152150  -1.955275     4.033     3.956 41 55113.63276299 25.159
  47 306.153454  -1.954688     3.859     3.798 41 55123.54840743 21.940
  48 306.154576  -1.954292     3.228     3.479 41 55133.46404884 21.372
  49 306.154822  -1.954522     3.441     3.478 40 55143.37968770 21.893
  50 306.155112  -1.954588     3.048     3.096 41 55153.29532571 22.345
  51 306.157368  -1.952932     2.372     2.267 41 55163.21096449 22.914
  52 306.161261  -1.950547     1.667     2.376 40 55173.12660328 28.852
  53 306.158599  -1.967590     2.951     2.875 25 55183.04223665 27.574
  54 306.161029  -1.951174     3.630     3.606 40 55192.95789154 19.467
  55 306.155513  -1.954001     3.884     4.163 40 55202.87354074 25.442
  56 306.151342  -1.956869     4.120     4.169 41 55212.78918961 29.163
  57 306.150626  -1.956235     4.091     4.172 41 55222.70483910 30.431
  58 306.150391  -1.957019     4.525     4.619 41 55232.62048697 31.762
  59 306.151794  -1.955616     4.644     4.800 41 55242.53613210 35.414
  60 306.150882  -1.956063     4.635     4.893 42 55252.45177308 32.477
  61 306.149185  -1.956714     5.245     5.443 42 55262.36741139 41.358
  62 306.149428  -1.957052     4.623     4.959 41 55272.28304869 34.685
  63 306.152786  -1.955301     5.051     5.251 41 55282.19868645 38.169
  64 306.157914  -1.952625     4.991     5.319 41 55292.11432335 33.503
  65 306.162413  -1.951544     5.296     5.752 40 55302.02995833 37.000
  66 306.160770  -1.951127     5.202     5.494 40 55311.94560565 33.011
  67 306.157827  -1.953559     6.110     6.387 40 55321.86125020 39.447
  68 306.156087  -1.953738     6.182     6.341 41 55331.77689436 35.313
  69 306.155345  -1.954191     5.527     5.882 40 55341.69253856 31.738
  70 306.156335  -1.953766     5.635     5.981 41 55351.60818290 34.184
  71 306.158029  -1.952680     5.420     5.641 41 55361.52382515 32.409
  72 306.158249  -1.953383     5.504     5.754 40 55371.43946461 33.195
  74 306.160427  -1.952089     6.195     6.209 40 55391.27074006 42.430
  75 306.160978  -1.959325     5.689     5.714 33 55401.18637441 34.547
  76 306.161847  -1.956551     5.352     5.433 34 55411.10202390 32.885
  77 306.162312  -1.950323     5.115     5.265 40 55421.01767472 32.607
  78 306.158820  -1.952591     4.926     4.981 40 55430.93332070 31.452
  79 306.155200  -1.953702     4.735     4.766 41 55440.84896493 29.371
  80 306.153305  -1.954511     4.552     4.526 41 55450.76460815 29.146
  81 306.153806  -1.955233     4.019     3.787 41 55460.68025108 26.080
  82 306.156607  -1.953144     2.970     2.982 41 55470.59589365 25.741
  83 306.158833  -1.952991     2.818     2.867 40 55480.51153271 25.383
  84 306.161191  -1.951019     2.176     2.046 40 55490.42716944 30.569
  85 306.163026  -1.950664     3.017     2.972 39 55500.34280343 23.100
  86 306.162560  -1.950017     2.896     2.704 40 55510.25844533 25.224
  87 306.159524  -1.952111     2.614     2.317 41 55520.17409425 30.755
  88 306.158386  -1.952070     2.638     2.380 40 55530.08974276 26.633
  89 306.157224  -1.953078     2.786     2.633 41 55540.00538953 33.264
  90 306.155936  -1.954015     3.089     2.844 41 55549.92103432 25.028
  91 306.154280  -1.954089     3.606     3.483 41 55559.83667783 23.258
  92 306.153908  -1.954003     4.254     3.870 41 55569.75232079 27.625
  93 306.155070  -1.953915     3.811     3.843 41 55579.66796294 25.022
  94 306.157664  -1.952705     4.303     4.135 40 55589.58360277 26.719
  95 306.161107  -1.950843     4.090     4.494 40 55599.49923953 33.018
  96 306.163048  -1.950738     4.103     4.582 40 55609.41487315 31.887
  97 306.158152  -1.969127     4.921     4.988 24 55619.33050047 35.957
  98 306.161849  -1.951000     5.319     5.683 40 55629.24615328 34.438
  99 306.160433  -1.950975     5.523     5.893 40 55639.16180369 37.026
 100 306.159443  -1.952883     5.063     5.348 40 55649.07745148 34.202
 101 306.159003  -1.951990     6.598     6.675 40 55658.99309682 45.816
 102 306.157616  -1.952868     5.628     6.245 40 55668.90873811 33.519
 103 306.157227  -1.953389     5.710     6.079 40 55678.82437750 35.111
 104 306.159216  -1.952414     5.861     6.255 41 55688.74001564 34.608
 105 306.162440  -1.950943     7.233     7.238 40 55698.65565253 45.753
 106 306.155990  -1.976316     6.983     7.025 18 55708.57128387 37.107
 107 306.162517  -1.950757     6.293     6.740 39 55718.48694044 39.567
 108 306.158924  -1.953187     6.489     6.723 40 55728.40258768 35.548
 109 306.157454  -1.952967     6.612     6.585 40 55738.31823393 40.273
 110 306.156762  -1.953365     5.677     5.833 41 55748.23387879 31.835
 111 306.157386  -1.953453     5.977     6.158 41 55758.14952155 32.114
 112 306.159123  -1.952898     5.603     5.802 40 55768.06516187 34.184
 113 306.161218  -1.951346     5.539     5.688 40 55777.98079951 31.921
 114 306.163005  -1.950397     5.297     5.748 39 55787.89643468 32.457
 115 306.157944  -1.969745     5.103     5.269 23 55797.81206400 32.441
 116 306.161270  -1.958722     4.781     5.194 32 55807.72771076 31.141
 117 306.163171  -1.950792     4.703     4.698 39 55817.64336202 30.791
 118 306.163472  -1.950849     3.950     3.904 40 55827.55900777 27.491
 119 306.163062  -1.952588     3.421     3.547 37 55837.47464864 26.314
 120 306.163417  -1.950891     2.764     3.129 40 55847.39028695 25.714
 121 306.158984  -1.966348     3.443     3.887 26 55857.30591876 31.459
 122 306.162623  -1.954063     3.217     3.155 36 55867.22156619 33.471
 123 306.161598  -1.951941     3.463     3.453 40 55877.13721846 27.887
 133 306.156880  -1.953668     5.079     5.340 41 55976.29365088 37.472
 134 306.160541  -1.952334     5.220     5.703 40 55986.20928730 34.135
 135 306.155991  -1.976514     6.726     6.664 18 55996.12491800 33.718
 136 306.163273  -1.950750     6.214     6.421 39 56006.04057521 41.410
 137 306.160138  -1.952051     5.628     5.967 40 56015.95622206 33.284
 139 306.154681  -1.954519     5.714     6.078 40 56035.78750888 28.852
 141 306.160716  -1.950851     6.047     6.513 40 56055.61878963 29.188
 142 306.158329  -1.968343     6.349     6.411 25 56065.53442004 29.078
 143 306.163063  -1.950524     5.899     6.111 39 56075.45006976 28.982
 144 306.158325  -1.953238     6.021     6.572 40 56085.36571778 36.576
 145 306.156928  -1.952969     5.711     6.116 41 56095.28136412 33.351
 146 306.157808  -1.952692     5.587     6.173 40 56105.19700851 35.919
 147 306.159608  -1.952204     6.081     6.361 40 56115.11263856 40.600
 148 306.161986  -1.951220     6.155     6.377 40 56125.02827666 37.439
 149 306.160929  -1.959617     5.811     5.797 32 56134.94390873 33.622
 150 306.163525  -1.950118     5.607     5.989 40 56144.85955203 36.908
 151 306.159975  -1.952175     5.603     5.788 40 56154.77520163 33.026
 152 306.158380  -1.953369     5.305     5.607 40 56164.69085060 32.478
 153 306.158911  -1.952656     4.965     5.079 41 56174.60649799 31.264
 154 306.160052  -1.952885     4.734     4.638 40 56184.52214007 28.534
 155 306.160873  -1.951793     4.365     4.244 40 56194.43777845 25.895
 156 306.161011  -1.951827     4.063     3.998 40 56204.35341345 25.546
 157 306.163192  -1.950901     3.321     3.330 40 56214.26904705 28.604
 159 306.157886  -1.970026     3.614     3.150 23 56234.10033366 33.074
 160 306.163207  -1.949848     3.251     3.182 40 56244.01599010 26.450
 161 306.159763  -1.952568     3.283     3.081 40 56253.93163647 23.254
 162 306.157948  -1.952911     3.182     3.113 41 56263.84727942 20.478
 164 306.157768  -1.953516     3.306     3.215 40 56283.67856532 19.203
 165 306.156736  -1.953372     3.556     3.405 40 56293.59421729 22.030
 166 306.155025  -1.954538     3.418     3.567 40 56303.50986446 23.814
 167 306.153528  -1.954765     3.645     3.862 41 56313.42550753 28.172
 168 306.152924  -1.954922     3.775     3.747 41 56323.34114826 27.635
 169 306.154192  -1.954795     4.541     4.674 41 56333.25678833 27.519
 170 306.157781  -1.952696     4.658     4.967 40 56343.17242842 36.513
 171 306.161940  -1.951534     5.038     5.218 40 56353.08806609 35.465
 172 306.162985  -1.950487     5.068     5.474 39 56363.00370829 39.234
 173 306.158896  -1.952100     5.528     5.935 40 56372.91935659 35.006
 175 306.152408  -1.956000     6.012     6.374 41 56392.75064622 33.900
 176 306.154717  -1.953885     5.967     6.406 41 56402.66628968 36.609
 177 306.157964  -1.953150     6.275     6.685 41 56412.58193006 38.722
 178 306.162925  -1.950575     7.060     7.221 40 56422.49756583 43.910
 179 306.163062  -1.950122     6.171     6.524 40 56432.41320752 38.032
 180 306.156976  -1.953410     6.395     6.604 40 56442.32885841 36.256
 181 306.153547  -1.955015     6.479     6.630 41 56452.24450719 36.726
 182 306.153695  -1.954310     6.169     6.440 41 56462.16015428 33.640
 183 306.154992  -1.953729     6.079     6.409 41 56472.07579819 36.574
 184 306.156539  -1.953907     6.089     6.392 41 56481.99143859 36.648
 185 306.157953  -1.953354     5.964     6.295 40 56491.90707568 31.939
 187 306.157726  -1.970532     6.402     6.398 23 56511.73834016 39.638
 188 306.155627  -1.977461     6.187     6.220 18 56521.65398503 40.609
 189 306.163228  -1.949966     5.627     5.676 40 56531.56964454 32.964
 191 306.157865  -1.953276     4.860     5.005 40 56551.40093773 27.887
 192 306.155951  -1.953919     4.928     4.943 41 56561.31657998 30.664
 193 306.156053  -1.953755     4.617     4.661 40 56571.23222132 29.121
 194 306.158804  -1.952525     4.315     4.232 41 56581.14786161 30.773
 195 306.159905  -1.963050     3.882     3.567 30 56591.06349522 31.563
 196 306.163259  -1.951805     1.133     0.817 39 56600.97914603 16.486
 197 306.159579  -1.952453     3.638     3.545 40 56610.89479583 25.860
 198 306.156723  -1.954082     4.127     4.071 40 56620.81044112 22.030
 199 306.156042  -1.954180     4.222     4.212 40 56630.72608401 21.863
 200 306.158542  -1.953331     4.262     4.266 40 56640.64172368 22.051
 201 306.159081  -1.952402     4.206     4.086 41 56650.55737160 27.447
 202 306.156226  -1.953869     4.367     4.377 40 56660.47302210 24.486
 203 306.153426  -1.955578     4.373     4.421 41 56670.38866878 27.575
 205 306.154189  -1.953936     4.931     5.017 41 56690.21995692 30.602
 206 306.157337  -1.953315     5.282     5.309 40 56700.13559698 30.204
 207 306.161891  -1.950752     5.437     5.542 40 56710.05123288 37.823
 208 306.161205  -1.951670     5.522     5.746 40 56719.96687416 36.647
 209 306.155721  -1.954284     5.733     5.990 41 56729.88252536 38.642
 211 306.152557  -1.954604     6.359     6.548 41 56749.71381807 36.491
 212 306.155766  -1.953789     6.269     6.400 41 56759.62945817 34.056
 213 306.161420  -1.951663     6.382     6.661 40 56769.54509234 35.561
 214 306.159079  -1.952238     6.791     6.998 40 56779.46074213 37.406
 215 306.153672  -1.954727     6.682     6.852 40 56789.37639629 36.062
 216 306.148986  -1.956892     6.515     6.697 41 56799.29204702 33.845
 217 306.148153  -1.957156     6.636     6.739 41 56809.20769213 33.599
 219 306.154667  -1.954911     6.717     6.892 41 56829.03896915 37.542
 220 306.159257  -1.953243     6.553     6.704 40 56838.95460302 35.686
 221 306.162401  -1.954539     6.440     6.582 37 56848.87023485 36.438
 222 306.159172  -1.952601     6.385     6.570 40 56858.78588964 32.572
 223 306.156630  -1.953522     6.269     6.498 41 56868.70154303 32.915
 224 306.155264  -1.953858     6.141     6.277 41 56878.61719453 32.599
 225 306.153776  -1.954242     6.160     6.188 41 56888.53284263 34.097
 226 306.151395  -1.955853     5.520     5.615 41 56898.44848750 31.304
 227 306.149407  -1.956921     5.569     5.626 42 56908.36412981 30.232
 228 306.150019  -1.956410     4.555     4.959 42 56918.27977057 30.203
 229 306.153737  -1.954475     5.160     5.166 41 56928.19540983 27.529
 230 306.158971  -1.953244     4.877     4.897 40 56938.11104501 24.545
 231 306.158226  -1.968830     4.858     4.665 24 56948.02667459 25.232
 232 306.161001  -1.950753     3.539     3.707 40 56957.94233198 27.071
 233 306.156887  -1.953420     3.383     3.551 40 56967.85797944 25.600
 234 306.155971  -1.953371     3.394     3.481 41 56977.77362400 24.402
 235 306.157324  -1.953844     3.963     4.031 40 56987.68926427 20.546
 236 306.162706  -1.950762     4.045     4.058 39 56997.60489957 19.715
 237 306.161808  -1.951482     3.807     3.847 40 57007.52054747 19.795
 238 306.157538  -1.953345     3.453     3.968 40 57017.43620064 21.343
 239 306.154268  -1.954710     3.965     4.035 41 57027.35185023 20.878
 240 306.153020  -1.955155     4.020     4.044 41 57037.26749814 28.459
 241 306.154135  -1.954769     4.534     4.577 41 57047.18314375 29.161
 242 306.156815  -1.953972     4.683     4.816 40 57057.09878595 26.153
 243 306.159598  -1.952856     5.119     5.180 40 57067.01442284 29.273
 244 306.162030  -1.951220     5.541     5.484 40 57076.93005569 32.690
 245 306.157446  -1.971516     5.976     5.959 21 57086.84568197 36.882
 246 306.159272  -1.952202     5.719     5.693 40 57096.76134525 32.952
 247 306.155967  -1.953473     6.309     6.328 40 57106.67700104 32.970
 248 306.155322  -1.954377     5.838     6.012 40 57116.59265226 35.888
 249 306.155413  -1.954310     5.953     5.954 40 57126.50829734 32.409
 250 306.155411  -1.954566     6.123     6.161 41 57136.42393669 32.716
