#    0.000   0.000   0.000 ;Mean Elev.(m), Avg Gradient(m/km), RMS Gradient(m/km) - SRTM1     
#    0.000   0.000   0.000 ;Mean Elev.(m), Avg Gradient(m/km), RMS Gradient(m/km) - ASTER GDEM
#   47.407  -1.197   8.860 ;Mean Elev.(m), Avg Gradient(m/km), RMS Gradient(m/km) - GMTED2010 
   1 292.278858  -2.832466    49.404    49.355  6 54665.98552106 39.681
   2 292.278045  -2.833843    48.560    48.616  6 54675.90116549 44.597
   3 292.277871  -2.834178    21.360    21.277  7 54685.81680858 19.871
   4 292.279209  -2.832674    49.234    49.277  7 54695.73245010 24.749
   5 292.281464  -2.830154    21.714    21.628  6 54705.64808912 17.546
   6 292.280215  -2.832324    43.331    43.454  6 54715.56374213 37.110
   7 292.278187  -2.833871    13.452    18.860  7 54725.47939255 14.318
   8 292.275320  -2.836519    47.213    46.787  7 54735.39504100 38.476
   9 292.272755  -2.838206    46.367    46.396  8 54745.31068809 39.522
  10 292.272095  -2.839400    45.744    45.634  8 54755.22633463 35.945
  11 292.272951  -2.838271    48.216    48.005  8 54765.14197952 24.620
  12 292.274657  -2.837222    46.849    46.738  7 54775.05762166 50.365
  13 292.275257  -2.835160    48.811    48.279  7 54784.97326109 30.227
  14 292.276246  -2.835345    48.431    47.952  7 54794.88889966 35.595
  17 292.279876  -2.833300    49.816    49.452  6 54824.63582160 24.127
  18 292.277204  -2.834978    48.138    47.801  7 54834.55146214 45.029
  19 292.274200  -2.837347    48.931    48.332  7 54844.46711278 44.363
  20 292.272016  -2.838732    51.335    51.357  8 54854.38276218 51.679
  21 292.271292  -2.840396    52.326    52.286  8 54864.29841134 51.721
  22 292.271326  -2.841287    52.866    52.834  8 54874.21405990 53.529
  23 292.272016  -2.841073    53.090    53.070  8 54884.12970567 52.384
  24 292.272047  -2.839844    53.239    53.278  9 54894.04534770 36.908
  25 292.271767  -2.840026    53.732    53.729  8 54903.96098743 50.300
  26 292.272059  -2.840967    54.031    53.989  8 54913.87662639 37.173
  27 292.272023  -2.838957    54.221    54.431  8 54923.79226434 40.506
  28 292.273931  -2.837362    54.028    53.975  7 54933.70790190 48.539
  29 292.277467  -2.835515    54.090    54.109  7 54943.62353767 51.185
  30 292.280668  -2.832025    53.948    53.871  6 54953.53917096 41.499
  31 292.279735  -2.832249    54.150    54.165  7 54963.45481566 45.424
  32 292.277964  -2.835132    54.309    54.322  7 54973.37046447 50.960
  33 292.276628  -2.835325    54.348    54.388  7 54983.28611165 41.757
  34 292.276699  -2.835401    54.246    54.267  7 54993.20175857 52.795
  35 292.276147  -2.834773    54.282    54.342  7 55003.11740424 51.059
  36 292.275587  -2.836226    53.725    53.698  8 55013.03304838 35.216
  37 292.274863  -2.836791    53.427    53.184  7 55022.94869102 41.078
  38 292.274867  -2.837851    52.792    52.621  7 55032.86433330 39.329
  39 292.275621  -2.836824    51.697    51.722  7 55042.77997475 49.751
  40 292.277769  -2.833676    50.117    50.114  7 55052.69561453 45.527
  41 292.280174  -2.832070    48.486    48.531  6 55062.61125249 41.303
  42 292.279243  -2.832658    48.250    47.731  7 55072.52689689 35.043
  43 292.276444  -2.835187    47.492    47.377  7 55082.44254569 46.040
  44 292.274299  -2.837916    45.699    45.229  8 55092.35819277 45.749
  45 292.273276  -2.839078    43.793    43.796  8 55102.27383908 48.929
  46 292.273174  -2.838590    45.325    45.258  7 55112.18948469 48.444
  47 292.274083  -2.836919    50.093    50.388  7 55122.10512785 26.869
  48 292.275075  -2.835383    46.985    46.883  7 55132.02076820 48.265
  49 292.275991  -2.836532    49.697    50.051  7 55141.93640725 28.325
  50 292.276017  -2.836372    46.792    47.101  7 55151.85204569 32.287
  51 292.276943  -2.834895    48.164    48.323  7 55161.76768448 31.333
  52 292.279233  -2.833686    48.489    48.453  6 55171.68332321 48.244
  53 292.281111  -2.830498    49.968    49.957  6 55181.59895999 43.093
  54 292.279033  -2.833764    51.339    51.322  7 55191.51461074 45.426
  55 292.275552  -2.836941    51.828    51.828  7 55201.43026174 52.725
  56 292.273063  -2.838573    51.515    51.480  8 55211.34591160 50.123
  57 292.272671  -2.839260    50.542    50.427  8 55221.26156077 52.185
  58 292.272744  -2.838907    50.105    50.080  8 55231.17720847 45.125
  59 292.273356  -2.838159    51.013    51.033  8 55241.09285288 34.306
  60 292.273063  -2.838802    51.365    51.314  8 55251.00849390 48.609
  61 292.271905  -2.839205    51.229    51.196  8 55260.92413277 32.840
  62 292.271780  -2.838495    51.123    51.103  8 55270.83977089 30.971
  63 292.273738  -2.838383    51.684    51.584  7 55280.75540945 48.435
  64 292.275862  -2.834638    51.880    51.807  7 55290.67104614 35.859
  65 292.279242  -2.832661    52.177    52.226  7 55300.58668100 37.625
  66 292.278371  -2.833541    52.645    52.690  6 55310.50232766 29.495
  67 292.276622  -2.835168    53.011    52.979  7 55320.41797359 38.817
  68 292.275276  -2.837013    53.036    53.005  7 55330.33361817 51.750
  69 292.274762  -2.837012    53.002    53.024  8 55340.24926206 50.640
  70 292.275966  -2.836916    52.841    52.850  7 55350.16490574 51.421
  71 292.277212  -2.835970    52.637    52.533  7 55360.08054713 54.335
  72 292.276797  -2.833890    51.734    51.745  7 55369.99618597 36.905
  73 292.277042  -2.834227    49.806    49.775  7 55379.91182406 47.272
  74 292.277660  -2.833382    48.594    48.473  7 55389.82746146 37.493
  75 292.280054  -2.832013    47.254    47.385  7 55399.74309808 37.295
  76 292.280693  -2.831336    49.335    49.573  6 55409.65874527 23.354
  77 292.279453  -2.832679    45.524    45.543  6 55419.57439609 37.492
  78 292.277446  -2.835477    48.386    48.028  7 55429.49004385 31.937
  79 292.274868  -2.837428    41.971    41.821  7 55439.40568858 47.752
  80 292.273534  -2.838079    40.883    40.602  7 55449.32133149 45.318
  81 292.274076  -2.837229    41.767    41.591  7 55459.23697373 36.232
  82 292.275926  -2.836165    41.817    41.733  7 55469.15261514 50.508
  83 292.277766  -2.833692    40.430    40.211  6 55479.06825304 46.242
  84 292.279577  -2.832516    40.610    40.540  6 55488.98388844 34.797
  85 292.281025  -2.832083    41.657    41.710  6 55498.89952197 30.165
  86 292.280315  -2.831583    41.812    41.747  6 55508.81516152 42.725
  87 292.278265  -2.833763    44.546    44.468  7 55518.73081234 44.179
  88 292.277676  -2.835426    47.435    48.111  7 55528.64646239 34.460
  89 292.276749  -2.835145    48.933    48.795  6 55538.56211021 26.992
  90 292.276154  -2.836886    48.937    49.512  7 55548.47775617 27.813
  91 292.274351  -2.837398    45.734    45.693  7 55558.39339978 43.838
  92 292.273706  -2.837749    46.834    46.889  7 55568.30904238 50.457
  93 292.274754  -2.836637    47.281    47.168  7 55578.22468378 37.261
  94 292.277263  -2.835894    48.627    48.340  7 55588.14032304 31.428
  95 292.279508  -2.832795    50.895    51.075  7 55598.05595868 24.329
  96 292.280635  -2.830578    48.355    48.358  6 55607.97159182 37.133
  97 292.282285  -2.831815    49.020    49.035  6 55617.88722408 33.733
  98 292.279768  -2.831309    51.946    52.164  6 55627.80287004 22.017
  99 292.278580  -2.833719    50.326    50.289  6 55637.71852232 29.611
 100 292.278074  -2.834331    50.661    50.602  7 55647.63417229 35.862
 101 292.276993  -2.833634    52.024    52.296  7 55657.54981900 34.301
 102 292.276839  -2.835881    52.648    52.675  7 55667.46546207 48.404
 103 292.276010  -2.835001    53.139    53.140  7 55677.38110136 49.729
 104 292.277037  -2.835215    53.658    53.734  7 55687.29673884 49.600
 105 292.278837  -2.833588    53.619    53.657  6 55697.21237457 32.367
 106 292.281985  -2.831676    53.760    53.724  6 55707.12800894 38.468
 107 292.280323  -2.831884    53.696    53.680  6 55717.04365921 47.701
 108 292.278205  -2.833107    53.421    53.356  7 55726.95930734 38.339
 109 292.276739  -2.835176    52.769    52.770  6 55736.87495424 32.931
 110 292.275590  -2.835678    52.040    52.024  7 55746.79059978 21.875
 111 292.275822  -2.835889    51.807    51.704  8 55756.70624358 47.873
 112 292.276885  -2.833827    51.070    51.053  7 55766.62188448 41.019
 113 292.278740  -2.833563    49.874    49.873  7 55776.53752293 41.142
 114 292.279789  -2.832761    47.953    47.876  6 55786.45315827 44.776
 115 292.280770  -2.831515    45.985    45.883  6 55796.36879147 43.690
 116 292.280506  -2.830345    42.638    42.599  6 55806.28443181 34.158
 117 292.280318  -2.832087    42.350    42.334  7 55816.20008073 48.381
 118 292.280745  -2.831607    42.589    42.533  6 55826.11572621 50.965
 119 292.281570  -2.831952    44.110    44.104  6 55836.03136750 39.123
 120 292.281411  -2.830706    46.956    46.920  6 55845.94700516 41.056
 121 292.282045  -2.829814    46.813    46.764  6 55855.86264066 29.327
 122 292.282037  -2.831269    45.081    45.143  6 55865.77828291 45.670
 123 292.279512  -2.832656    49.378    49.629  6 55875.69393620 19.746
 133 292.276960  -2.835302    53.033    53.019  7 55974.85037138 32.937
 134 292.278653  -2.833727    53.230    53.207  6 55984.76600797 30.107
 135 292.281918  -2.830402    53.234    53.180  6 55994.68164201 36.588
 136 292.280331  -2.831924    53.677    53.577  7 56004.59729476 42.427
 137 292.278325  -2.834120    53.718    53.649  6 56014.51294402 38.734
 139 292.274724  -2.837219    54.615    54.451  7 56034.34423313 47.493
 141 292.277757  -2.834578    54.664    54.705  7 56054.17551155 29.681
 142 292.280251  -2.831317    54.735    54.756  6 56064.09114538 42.716
 143 292.280013  -2.830793    54.838    54.710  6 56074.00678785 45.664
 144 292.277487  -2.833612    54.211    54.184  7 56083.92243758 31.892
 145 292.276043  -2.834601    53.775    53.789  7 56093.83808489 45.776
 146 292.276248  -2.834902    53.167    53.135  7 56103.75373022 42.979
 147 292.276945  -2.834116    52.228    51.947  7 56113.66936106 31.138
 148 292.278395  -2.833311    50.076    50.017  7 56123.58499975 43.628
 149 292.280223  -2.832174    48.899    48.919  6 56133.50063448 35.553
 150 292.280259  -2.831398    47.899    47.911  6 56143.41627293 36.429
 151 292.278379  -2.834565    45.692    45.603  7 56153.33192360 49.926
 152 292.277369  -2.835334    44.513    44.056  7 56163.24757228 42.009
 153 292.277699  -2.835090    43.743    43.778  7 56173.16321874 45.882
 154 292.278773  -2.833861    45.786    45.218  6 56183.07886010 32.849
 155 292.279160  -2.832809    43.880    43.611  7 56192.99449773 40.846
 156 292.279366  -2.832801    44.680    44.708  6 56202.91013305 32.663
 157 292.280368  -2.830735    46.081    45.238  6 56212.82576663 28.532
 158 292.284256  -2.830292    46.944    45.866  6 56222.74139916 22.616
 159 292.281744  -2.830814    47.797    48.164  6 56232.65705569 25.336
 160 292.279603  -2.831426    47.353    47.888  6 56242.57270846 26.103
 161 292.277887  -2.834100    45.025    44.932  7 56252.48835725 42.576
 162 292.276339  -2.833995    51.580    52.033  7 56262.40400074 29.256
 164 292.277331  -2.833824    49.656    49.700  7 56282.23528408 28.269
 165 292.276171  -2.834113    49.865    49.686  7 56292.15093581 44.737
 166 292.275510  -2.835412    51.610    51.629  7 56302.06658334 38.344
 167 292.275042  -2.837020    52.462    52.420  7 56311.98222677 35.390
 168 292.274518  -2.837047    53.114    53.027  7 56321.89786801 46.091
 169 292.274935  -2.836606    53.105    53.153  8 56331.81350894 37.077
 170 292.276330  -2.834510    52.994    52.936  7 56341.72914931 37.042
 171 292.279098  -2.832665    53.386    53.308  7 56351.64478763 41.237
 172 292.280643  -2.832781    53.358    53.374  6 56361.56042814 34.243
 173 292.277296  -2.834374    53.877    53.852  6 56371.47607813 36.375
 174 292.274489  -2.837745    54.050    54.029  7 56381.39172557 44.336
 175 292.273165  -2.838894    54.141    54.154  7 56391.30737020 46.927
 176 292.274235  -2.837140    54.378    54.326  7 56401.22301259 48.583
 177 292.276535  -2.834752    54.350    54.344  7 56411.13865210 38.186
 178 292.279315  -2.831779    54.075    54.047  6 56421.05428663 31.459
 179 292.280475  -2.832000    53.955    53.955  6 56430.96992476 31.715
 180 292.276348  -2.834847    53.850    53.769  7 56440.88557764 36.608
 181 292.274401  -2.838035    53.454    53.346  8 56450.80122851 37.403
 182 292.273926  -2.837388    53.048    53.045  7 56460.71687664 47.000
 183 292.274661  -2.837396    52.786    52.637  7 56470.63252176 45.157
 184 292.275253  -2.835891    52.437    52.426  7 56480.54816286 38.053
 185 292.276470  -2.836339    51.992    51.894  7 56490.46380040 46.302
 187 292.280268  -2.830663    50.170    49.992  6 56510.29506701 47.998
 188 292.281929  -2.830567    49.193    49.136  6 56520.21070963 47.208
 189 292.280563  -2.831821    50.514    50.751  6 56530.12636262 28.127
 190 292.279333  -2.832365    49.365    49.127  6 56540.04201155 26.868
 191 292.277594  -2.833276    47.609    47.576  7 56549.95765629 38.655
 192 292.275773  -2.834573    47.470    47.424  7 56559.87329907 35.060
 193 292.275664  -2.835952    48.548    49.654  8 56569.78894136 32.435
 194 292.276871  -2.834018    47.739    47.628  7 56579.70458198 32.701
 195 292.280715  -2.831781    47.654    47.632  6 56589.62021899 40.216
 196 292.280977  -2.830956    47.585    47.628  6 56599.53586468 43.907
 197 292.278045  -2.833409    48.279    48.162  7 56609.45151605 36.595
 198 292.276424  -2.836627    48.735    48.678  7 56619.36716258 47.870
 199 292.275639  -2.836308    49.666    49.627  8 56629.28280509 42.421
 200 292.277457  -2.834757    49.796    49.820  6 56639.19844421 52.706
 201 292.278595  -2.833167    50.393    50.358  6 56649.11408863 43.130
 202 292.277047  -2.834556    50.013    49.946  7 56659.02973988 48.103
 203 292.275626  -2.837066    50.183    50.223  7 56668.94538758 36.845
 205 292.274556  -2.837239    52.300    52.244  7 56688.77667679 44.505
 206 292.275804  -2.834511    52.224    52.250  7 56698.69231790 40.938
 207 292.278947  -2.833456    51.731    51.805  6 56708.60795491 42.116
 208 292.279686  -2.832652    51.700    51.725  7 56718.52359402 42.273
 209 292.275975  -2.836061    52.319    52.266  7 56728.43924741 47.980
 211 292.272118  -2.838096    53.498    53.495  8 56748.27054085 45.575
 212 292.274881  -2.837867    53.531    53.493  7 56758.18618097 50.820
 213 292.278811  -2.833934    53.534    53.522  6 56768.10181433 33.801
 214 292.278660  -2.833898    54.260    54.191  6 56778.01746002 48.237
 215 292.274912  -2.836677    54.394    54.302  7 56787.93311588 46.030
 216 292.271536  -2.840166    54.391    54.394  8 56797.84876867 48.343
 217 292.270050  -2.841084    54.480    54.536  9 56807.76441573 48.343
 219 292.274160  -2.837442    53.989    53.981  7 56827.59569424 47.873
 220 292.277107  -2.834762    53.637    53.650  6 56837.51132835 42.641
 221 292.279996  -2.832337    52.712    52.659  7 56847.42695938 35.217
 222 292.277859  -2.835122    52.167    52.167  7 56857.34261120 52.111
 223 292.275786  -2.835994    50.958    50.986  7 56867.25826410 40.646
 224 292.275035  -2.837360    49.908    49.912  7 56877.17391554 28.551
 225 292.274121  -2.837296    48.804    48.752  7 56887.08956350 47.393
 226 292.273454  -2.838343    48.713    48.521  7 56897.00520904 42.416
 227 292.272629  -2.839681    48.479    48.941  8 56906.92085198 34.978
 228 292.272241  -2.839915    49.536    49.732  8 56916.83649293 30.878
 229 292.273497  -2.838183    49.816    50.001  8 56926.75213194 28.439
 230 292.276633  -2.835512    48.672    48.805  7 56936.66776757 37.068
 231 292.280859  -2.830258    47.336    47.318  6 56946.58339750 38.161
 232 292.278714  -2.832667    48.484    48.593  7 56956.49905198 36.905
 233 292.276889  -2.836295    48.708    48.907  7 56966.41470169 37.141
 234 292.275233  -2.836070    48.448    48.385  7 56976.33034614 48.583
 235 292.276034  -2.835601    49.190    49.079  7 56986.24598610 42.518
 236 292.279284  -2.832759    49.668    49.632  7 56996.16161996 45.697
 237 292.280233  -2.831065    50.608    50.580  6 57006.07726317 51.642
 238 292.278004  -2.833927    51.127    51.132  6 57015.99291794 34.224
 239 292.275762  -2.835947    51.934    52.082  8 57025.90856882 43.888
 240 292.274671  -2.837797    52.332    52.428  7 57035.82421803 44.678
 241 292.274577  -2.836787    53.011    52.957  8 57045.73986433 44.346
 242 292.275757  -2.835556    53.200    53.228  7 57055.65550754 45.850
 243 292.277579  -2.834942    53.498    53.602  7 57065.57114580 40.926
 244 292.278886  -2.833408    53.632    53.588  7 57075.48677917 40.611
 245 292.280950  -2.830526    53.637    53.610  6 57085.40240897 29.612
 246 292.277890  -2.833792    54.107    54.198  6 57095.31806497 50.996
 247 292.275389  -2.836361    54.193    54.135  7 57105.23372146 49.456
 248 292.274941  -2.837307    54.412    54.455  8 57115.14937315 52.100
 249 292.275409  -2.837428    54.446    54.458  7 57125.06501852 44.144
 250 292.275642  -2.836716    54.675    54.644  7 57134.98065841 49.216
