#    0.000   0.000   0.000 ;Mean Elev.(m), Avg Gradient(m/km), RMS Gradient(m/km) - SRTM1     
#    0.000   0.000   0.000 ;Mean Elev.(m), Avg Gradient(m/km), RMS Gradient(m/km) - ASTER GDEM
#   54.016  -1.048   7.559 ;Mean Elev.(m), Avg Gradient(m/km), RMS Gradient(m/km) - GMTED2010 
   2    53.628 54672.42531911 41.67 291.467221  -3.404098 26.512 -100.00 -100.00 -100.00
   2    53.409 54672.42531970 45.97 291.468117  -3.401598   -100 -100.00 -100.00 -100.00
   2    53.080 54672.42532029 49.94 291.469012  -3.399097  5.417 -100.00 -100.00 -100.00
   2    53.032 54672.42532088 50.52 291.469908  -3.396597 10.167 -100.00 -100.00 -100.00
   3    24.425 54682.34096163 17.60 291.465299  -3.406486  6.434 -100.00 -100.00 -100.00
   3    26.134 54682.34096222 15.38 291.466194  -3.403986  2.613 -100.00 -100.00 -100.00
   3    25.608 54682.34096281 15.79 291.467090  -3.401485  2.678 -100.00 -100.00 -100.00
   3    25.083 54682.34096340 14.90 291.467985  -3.398985  2.806 -100.00 -100.00 -100.00
   3    24.525 54682.34096399 15.01 291.468880  -3.396485  2.756 -100.00 -100.00 -100.00
   4    50.662 54692.25660404 34.04 291.467503  -3.405147 22.519 -100.00 -100.00 -100.00
   4    50.829 54692.25660463 38.88 291.468399  -3.402646 29.817 -100.00 -100.00 -100.00
   4    51.095 54692.25660522 50.15 291.469294  -3.400146 21.185 -100.00 -100.00 -100.00
   4    51.302 54692.25660581 54.84 291.470189  -3.397645  8.197 -100.00 -100.00 -100.00
   4    50.998 54692.25660640 46.43 291.471085  -3.395145 15.505 -100.00 -100.00 -100.00
   7   -17.142 54722.00354246 25.11 291.469007  -3.404589 16.398 -100.00 -100.00 -100.00
   7    14.381 54722.00354305 14.63 291.469902  -3.402088  3.094 -100.00 -100.00 -100.00
   7    12.882 54722.00354364 16.77 291.470798  -3.399588  6.386 -100.00 -100.00 -100.00
   7    -8.638 54722.00354423 20.89 291.471693  -3.397088 11.413 -100.00 -100.00 -100.00
   7    10.352 54722.00354482 13.53 291.472589  -3.394588  2.586 -100.00 -100.00 -100.00
   8    51.594 54731.91919077 38.79 291.464575  -3.404221 21.181 -100.00 -100.00 -100.00
   8    51.376 54731.91919136 50.81 291.465470  -3.401721   -100 -100.00 -100.00 -100.00
   8    51.220 54731.91919195 45.85 291.466366  -3.399221   -100 -100.00 -100.00 -100.00
   8    51.131 54731.91919254 34.97 291.467262  -3.396720 24.000 -100.00 -100.00 -100.00
   9    51.511 54741.83483770 45.00 291.460653  -3.404583 31.797 -100.00 -100.00 -100.00
   9    51.364 54741.83483829 44.74 291.461549  -3.402082   -100 -100.00 -100.00 -100.00
   9    51.448 54741.83483888 49.81 291.462444  -3.399582   -100 -100.00 -100.00 -100.00
  10    51.091 54751.75048461 24.28 291.458877  -3.405902 19.819 -100.00 -100.00 -100.00
  10    50.850 54751.75048520 26.35 291.459772  -3.403402 25.691 -100.00 -100.00 -100.00
  10    54.479 54751.75048579 19.68 291.460668  -3.400901  8.847 -100.00 -100.00 -100.00
  10    53.578 54751.75048638 23.86 291.461563  -3.398401 16.485 -100.00 -100.00 -100.00
  11    51.419 54761.66613212 29.80 291.459697  -3.404574 14.725 -100.00 -100.00 -100.00
  11    53.273 54761.66613271 22.87 291.460593  -3.402074  6.270 -100.00 -100.00 -100.00
  11    53.303 54761.66613330 25.22 291.461489  -3.399574  8.443 -100.00 -100.00 -100.00
  12    52.033 54771.58177658 35.84 291.460307  -3.406097 23.402 -100.00 -100.00 -100.00
  12    51.352 54771.58177717 34.66 291.461202  -3.403597   -100 -100.00 -100.00 -100.00
  12    51.457 54771.58177776 30.83 291.462098  -3.401097 21.071 -100.00 -100.00 -100.00
  12    51.483 54771.58177835 40.74 291.462993  -3.398596   -100 -100.00 -100.00 -100.00
  13    52.761 54781.49741846 41.65 291.461836  -3.404921   -100 -100.00 -100.00 -100.00
  13    52.868 54781.49741906 36.90 291.462732  -3.402421 26.600 -100.00 -100.00 -100.00
  13    52.901 54781.49741965 46.18 291.463627  -3.399920 14.665 -100.00 -100.00 -100.00
  13    52.831 54781.49742024 43.72 291.464523  -3.397420   -100 -100.00 -100.00 -100.00
  14    53.237 54791.41305694 37.66 291.462489  -3.406256 19.284 -100.00 -100.00 -100.00
  14    53.996 54791.41305753 41.63 291.463385  -3.403755 17.935 -100.00 -100.00 -100.00
  14    53.019 54791.41305812 42.46 291.464281  -3.401255   -100 -100.00 -100.00 -100.00
  14    53.345 54791.41305871 47.71 291.465176  -3.398754   -100 -100.00 -100.00 -100.00
  17    54.011 54821.15997280 36.69 291.468770  -3.404917 21.439 -100.00 -100.00 -100.00
  17    54.156 54821.15997339 41.97 291.469666  -3.402416   -100 -100.00 -100.00 -100.00
  17    54.173 54821.15997398 46.12 291.470561  -3.399915  5.727 -100.00 -100.00 -100.00
  17    54.115 54821.15997457 48.90 291.471457  -3.397415   -100 -100.00 -100.00 -100.00
  17    54.020 54821.15997516 44.81 291.472353  -3.394914   -100 -100.00 -100.00 -100.00
  18    53.542 54831.07562485 41.84 291.467199  -3.404361 23.399 -100.00 -100.00 -100.00
  18    52.799 54831.07562544 44.83 291.468095  -3.401861  2.303 -100.00 -100.00 -100.00
  18    53.264 54831.07562603 48.41 291.468991  -3.399360  2.534 -100.00 -100.00 -100.00
  18    53.202 54831.07562662 49.32 291.469886  -3.396860   -100 -100.00 -100.00 -100.00
  19    52.394 54840.99126326 38.62 291.464038  -3.404920 22.507 -100.00 -100.00 -100.00
  19    52.095 54840.99126385 36.15 291.464934  -3.402420 22.663 -100.00 -100.00 -100.00
  19    51.807 54840.99126444 37.12 291.465829  -3.399919 27.443 -100.00 -100.00 -100.00
  19    51.816 54840.99126503 35.56 291.466725  -3.397418 20.536 -100.00 -100.00 -100.00
  20    55.419 54850.90691219 27.50 291.460374  -3.404910 12.083 -100.00 -100.00 -100.00
  20    55.475 54850.90691278 29.42 291.461269  -3.402409 15.917 -100.00 -100.00 -100.00
  20    55.526 54850.90691337 30.29 291.462165  -3.399908 16.954 -100.00 -100.00 -100.00
  20    55.555 54850.90691396 35.03 291.463060  -3.397407 27.105 -100.00 -100.00 -100.00
  21    56.925 54860.82256104 40.86 291.457856  -3.404817 28.782 -100.00 -100.00 -100.00
  21    56.639 54860.82256163 40.37 291.458751  -3.402316 30.367 -100.00 -100.00 -100.00
  21    56.676 54860.82256222 43.38 291.459647  -3.399816   -100 -100.00 -100.00 -100.00
  22    57.484 54870.73821020 42.77 291.456935  -3.404446 32.200 -100.00 -100.00 -100.00
  22    57.270 54870.73821079 44.87 291.457830  -3.401945   -100 -100.00 -100.00 -100.00
  22    57.322 54870.73821138 46.90 291.458726  -3.399444   -100 -100.00 -100.00 -100.00
  23    57.587 54880.65385814 32.17 291.457694  -3.403879 25.458 -100.00 -100.00 -100.00
  23    57.663 54880.65385873 35.09 291.458590  -3.401378 30.193 -100.00 -100.00 -100.00
  23    57.921 54880.65385932 35.64 291.459485  -3.398877 29.832 -100.00 -100.00 -100.00
  24    58.080 54890.56950238 45.21 291.458592  -3.404833   -100 -100.00 -100.00 -100.00
  24    57.908 54890.56950297 47.04 291.459488  -3.402332   -100 -100.00 -100.00 -100.00
  24    57.961 54890.56950356 47.97 291.460384  -3.399832   -100 -100.00 -100.00 -100.00
  25    58.750 54900.48514342 42.96 291.458214  -3.404954 26.521 -100.00 -100.00 -100.00
  25    58.314 54900.48514401 47.81 291.459110  -3.402453   -100 -100.00 -100.00 -100.00
  25    58.315 54900.48514460 45.26 291.460006  -3.399952   -100 -100.00 -100.00 -100.00
  26    59.314 54910.40078213 42.80 291.457197  -3.404701 21.305 -100.00 -100.00 -100.00
  26    58.468 54910.40078272 47.88 291.458093  -3.402201   -100 -100.00 -100.00 -100.00
  26    58.651 54910.40078331 50.62 291.458989  -3.399700   -100 -100.00 -100.00 -100.00
  27    58.780 54920.31641908 38.91 291.456829  -3.406100 29.548 -100.00 -100.00 -100.00
  27    58.427 54920.31641967 38.73 291.457725  -3.403599   -100 -100.00 -100.00 -100.00
  27    58.468 54920.31642026 35.58 291.458620  -3.401098 24.949 -100.00 -100.00 -100.00
  27    58.757 54920.31642085 42.96 291.459516  -3.398597   -100 -100.00 -100.00 -100.00
  28    59.175 54930.23205622 40.73 291.459728  -3.405482 22.998 -100.00 -100.00 -100.00
  28    58.589 54930.23205681 47.26 291.460624  -3.402981   -100 -100.00 -100.00 -100.00
  28    58.556 54930.23205740 48.14 291.461519  -3.400480  6.657 -100.00 -100.00 -100.00
  28    58.643 54930.23205799 49.22 291.462415  -3.397980  8.665 -100.00 -100.00 -100.00
  29    58.365 54940.14769228 30.30 291.464367  -3.405233 14.570 -100.00 -100.00 -100.00
  29    58.406 54940.14769287 31.98 291.465263  -3.402732 18.158 -100.00 -100.00 -100.00
  29    58.656 54940.14769346 33.22 291.466158  -3.400231 19.042 -100.00 -100.00 -100.00
  29    58.608 54940.14769405 37.59 291.467054  -3.397731 29.873 -100.00 -100.00 -100.00
  30    59.268 54950.06332666 40.91 291.468759  -3.405440 19.546 -100.00 -100.00 -100.00
  30    58.806 54950.06332725 45.78 291.469655  -3.402939   -100 -100.00 -100.00 -100.00
  30    58.645 54950.06332784 48.95 291.470550  -3.400438   -100 -100.00 -100.00 -100.00
  30    58.626 54950.06332843 51.13 291.471446  -3.397937 13.204 -100.00 -100.00 -100.00
  30    58.555 54950.06332902 52.23 291.472342  -3.395437 18.454 -100.00 -100.00 -100.00
  31    58.986 54959.97896569 38.55 291.470461  -3.404696 19.240 -100.00 -100.00 -100.00
  31    58.846 54959.97896628 38.69 291.471357  -3.402195 24.119 -100.00 -100.00 -100.00
  31    58.733 54959.97896688 42.89 291.472252  -3.399694   -100 -100.00 -100.00 -100.00
  31    58.932 54959.97896747 43.60 291.473148  -3.397194   -100 -100.00 -100.00 -100.00
  31    58.959 54959.97896806 44.92 291.474044  -3.394693   -100 -100.00 -100.00 -100.00
  32    58.919 54969.89461384 30.63 291.467836  -3.405225 14.349 -100.00 -100.00 -100.00
  32    58.673 54969.89461443 31.64 291.468731  -3.402725 18.724 -100.00 -100.00 -100.00
  32    58.720 54969.89461502 34.20 291.469627  -3.400224 25.651 -100.00 -100.00 -100.00
  32    59.072 54969.89461561 36.36 291.470523  -3.397723 30.960 -100.00 -100.00 -100.00
  32    59.181 54969.89461620 37.76 291.471419  -3.395223 27.280 -100.00 -100.00 -100.00
  33    58.884 54979.81026124 42.50 291.466147  -3.405227 32.213 -100.00 -100.00 -100.00
  33    58.849 54979.81026183 43.53 291.467042  -3.402727   -100 -100.00 -100.00 -100.00
  33    58.957 54979.81026242 42.73 291.467938  -3.400226 29.801 -100.00 -100.00 -100.00
  33    59.127 54979.81026301 47.13 291.468834  -3.397725   -100 -100.00 -100.00 -100.00
  34    59.043 54989.72590856 27.66 291.465105  -3.405143 10.995 -100.00 -100.00 -100.00
  34    58.957 54989.72590915 29.12 291.466001  -3.402642 12.987 -100.00 -100.00 -100.00
  34    59.167 54989.72590974 30.94 291.466897  -3.400141 15.288 -100.00 -100.00 -100.00
  34    59.452 54989.72591033 33.17 291.467792  -3.397641 17.456 -100.00 -100.00 -100.00
  35    58.331 54999.64155583 31.28 291.464173  -3.405267 23.476 -100.00 -100.00 -100.00
  35    58.311 54999.64155642 31.99 291.465069  -3.402767 21.848 -100.00 -100.00 -100.00
  35    58.221 54999.64155701 32.87 291.465965  -3.400266 26.771 -100.00 -100.00 -100.00
  35    58.418 54999.64155760 33.87 291.466860  -3.397765 27.858 -100.00 -100.00 -100.00
  36    57.884 55009.55720137 28.69 291.463665  -3.404573 17.134 -100.00 -100.00 -100.00
  36    57.936 55009.55720197 30.72 291.464561  -3.402072 21.706 -100.00 -100.00 -100.00
  36    58.229 55009.55720256 32.29 291.465456  -3.399572 23.030 -100.00 -100.00 -100.00
  36    58.057 55009.55720315 35.89 291.466352  -3.397071   -100 -100.00 -100.00 -100.00
  37    58.028 55019.47284483 39.82 291.463238  -3.404979 20.709 -100.00 -100.00 -100.00
  37    57.371 55019.47284542 46.05 291.464134  -3.402478   -100 -100.00 -100.00 -100.00
  37    57.366 55019.47284601 46.84 291.465030  -3.399978  6.609 -100.00 -100.00 -100.00
  37    57.340 55019.47284660 51.37 291.465925  -3.397477 29.027 -100.00 -100.00 -100.00
  38    56.578 55029.38848692 28.26 291.462990  -3.404865 14.342 -100.00 -100.00 -100.00
  38    56.642 55029.38848751 28.07 291.463885  -3.402365 12.495 -100.00 -100.00 -100.00
  38    56.764 55029.38848811 31.68 291.464781  -3.399864 20.782 -100.00 -100.00 -100.00
  38    56.854 55029.38848870 34.44 291.465676  -3.397364 25.627 -100.00 -100.00 -100.00
  39    56.336 55039.30412798 38.99 291.462708  -3.406123 21.402 -100.00 -100.00 -100.00
  39    56.347 55039.30412857 42.03 291.463603  -3.403622 24.394 -100.00 -100.00 -100.00
  39    56.016 55039.30412917 54.16 291.464499  -3.401122 17.366 -100.00 -100.00 -100.00
  39    56.080 55039.30412976 52.41 291.465394  -3.398621   -100 -100.00 -100.00 -100.00
  40    54.905 55049.21976813 25.11 291.464825  -3.406433 14.680 -100.00 -100.00 -100.00
  40    55.213 55049.21976872 26.15 291.465720  -3.403932 14.010 -100.00 -100.00 -100.00
  40    55.264 55049.21976931 30.39 291.466615  -3.401432 26.416 -100.00 -100.00 -100.00
  40    55.219 55049.21976990 31.99 291.467511  -3.398931 24.791 -100.00 -100.00 -100.00
  40    55.392 55049.21977049 33.98 291.468406  -3.396431 24.555 -100.00 -100.00 -100.00
  41    54.620 55059.13540653 28.55 291.468255  -3.405845 22.583 -100.00 -100.00 -100.00
  41    54.896 55059.13540712 24.68 291.469151  -3.403344 14.352 -100.00 -100.00 -100.00
  41    54.945 55059.13540771 21.85 291.470046  -3.400844  8.630 -100.00 -100.00 -100.00
  41    54.818 55059.13540830 25.61 291.470941  -3.398344 15.304 -100.00 -100.00 -100.00
  41    54.208 55059.13540889 30.95 291.471837  -3.395843 28.129 -100.00 -100.00 -100.00
  42    52.733 55069.05104618 35.23 291.470295  -3.404655 20.779 -100.00 -100.00 -100.00
  42    52.073 55069.05104677 34.73 291.471190  -3.402154   -100 -100.00 -100.00 -100.00
  42    54.384 55069.05104736 26.96 291.472086  -3.399654 14.319 -100.00 -100.00 -100.00
  42    54.209 55069.05104795 37.32 291.472981  -3.397154   -100 -100.00 -100.00 -100.00
  42    54.039 55069.05104854 34.69 291.473877  -3.394653 30.083 -100.00 -100.00 -100.00
  43    52.103 55078.96669568 45.03 291.467450  -3.404144 27.132 -100.00 -100.00 -100.00
  43    51.902 55078.96669627 49.05 291.468345  -3.401644   -100 -100.00 -100.00 -100.00
  43    52.048 55078.96669686 50.97 291.469241  -3.399144   -100 -100.00 -100.00 -100.00
  43    51.663 55078.96669745 52.21 291.470137  -3.396643  6.895 -100.00 -100.00 -100.00
  44    50.959 55088.88234307 42.79 291.463378  -3.404587 25.732 -100.00 -100.00 -100.00
  44    51.051 55088.88234366 45.99 291.464274  -3.402086   -100 -100.00 -100.00 -100.00
  44    50.786 55088.88234425 50.24 291.465170  -3.399586   -100 -100.00 -100.00 -100.00
  44    50.331 55088.88234485 49.99 291.466065  -3.397085 10.384 -100.00 -100.00 -100.00
  45    49.549 55098.79798957 33.97 291.460495  -3.404620 18.165 -100.00 -100.00 -100.00
  45    50.281 55098.79799016 27.59 291.461390  -3.402119 13.323 -100.00 -100.00 -100.00
  45    54.954 55098.79799075 25.01 291.462286  -3.399619  7.092 -100.00 -100.00 -100.00
  46    50.621 55108.71363597 41.90 291.460098  -3.404023 23.095 -100.00 -100.00 -100.00
  46    50.327 55108.71363656 46.34 291.460993  -3.401523   -100 -100.00 -100.00 -100.00
  46    49.952 55108.71363715 50.44 291.461889  -3.399023 24.554 -100.00 -100.00 -100.00
  47    51.359 55118.62928107 39.94 291.460837  -3.404960 20.839 -100.00 -100.00 -100.00
  47    51.016 55118.62928166 41.85 291.461733  -3.402459   -100 -100.00 -100.00 -100.00
  47    51.010 55118.62928225 38.62 291.462628  -3.399959 25.650 -100.00 -100.00 -100.00
  47    50.696 55118.62928284 32.97 291.463524  -3.397458 11.551 -100.00 -100.00 -100.00
  48    51.480 55128.54492369 27.38 291.461597  -3.405848 22.770 -100.00 -100.00 -100.00
  48    52.866 55128.54492428 24.58 291.462493  -3.403348 14.915 -100.00 -100.00 -100.00
  48    53.286 55128.54492488 21.35 291.463388  -3.400847  9.064 -100.00 -100.00 -100.00
  48    53.502 55128.54492547 27.05 291.464284  -3.398347 21.196 -100.00 -100.00 -100.00
  49    52.376 55138.46056462 23.64 291.462453  -3.403972 17.793 -100.00 -100.00 -100.00
  49    53.161 55138.46056521 21.55 291.463348  -3.401472 12.853 -100.00 -100.00 -100.00
  49    53.306 55138.46056580 23.30 291.464244  -3.398971 17.909 -100.00 -100.00 -100.00
  50    50.156 55148.37620300 37.92 291.462239  -3.405503 25.457 -100.00 -100.00 -100.00
  50    50.833 55148.37620359 40.85 291.463134  -3.403002 27.239 -100.00 -100.00 -100.00
  50    50.524 55148.37620418 52.45 291.464030  -3.400502   -100 -100.00 -100.00 -100.00
  50    50.269 55148.37620477 51.44 291.464926  -3.398001   -100 -100.00 -100.00 -100.00
  51    50.216 55158.29184130 30.09 291.464336  -3.404657  5.355 -100.00 -100.00 -100.00
  51    50.257 55158.29184189 30.97 291.465231  -3.402157  5.763 -100.00 -100.00 -100.00
  51    50.317 55158.29184248 30.55 291.466127  -3.399656  5.303 -100.00 -100.00 -100.00
  51    50.120 55158.29184308 31.45 291.467023  -3.397156  6.500 -100.00 -100.00 -100.00
  52    53.032 55168.20747914 40.94 291.466767  -3.405131 22.913 -100.00 -100.00 -100.00
  52    52.752 55168.20747973 45.42 291.467662  -3.402630   -100 -100.00 -100.00 -100.00
  52    52.873 55168.20748032 49.45 291.468558  -3.400130   -100 -100.00 -100.00 -100.00
  52    52.450 55168.20748091 50.39 291.469453  -3.397629 16.347 -100.00 -100.00 -100.00
  53    55.499 55178.12311612 35.38 291.469084  -3.406006 23.450 -100.00 -100.00 -100.00
  53    55.227 55178.12311671 37.64 291.469980  -3.403506   -100 -100.00 -100.00 -100.00
  53    54.930 55178.12311730 33.08 291.470875  -3.401005   -100 -100.00 -100.00 -100.00
  53    55.194 55178.12311789 33.27 291.471771  -3.398505 28.935 -100.00 -100.00 -100.00
  53    55.154 55178.12311848 42.77 291.472666  -3.396004 10.012 -100.00 -100.00 -100.00
  54    56.112 55188.03876101 28.18 291.468637  -3.405384  6.150 -100.00 -100.00 -100.00
  54    56.120 55188.03876160 28.42 291.469533  -3.402883  5.942 -100.00 -100.00 -100.00
  54    55.908 55188.03876219 29.80 291.470428  -3.400383  8.437 -100.00 -100.00 -100.00
  54    56.081 55188.03876278 31.53 291.471324  -3.397882 10.159 -100.00 -100.00 -100.00
  54    56.381 55188.03876337 37.19 291.472220  -3.395381 22.418 -100.00 -100.00 -100.00
  55    57.411 55197.95441144 41.94 291.464614  -3.406112 17.230 -100.00 -100.00 -100.00
  55    56.964 55197.95441203 45.32 291.465510  -3.403612 26.118 -100.00 -100.00 -100.00
  55    56.609 55197.95441262 51.02 291.466405  -3.401111   -100 -100.00 -100.00 -100.00
  55    56.603 55197.95441321 54.18 291.467301  -3.398610  6.439 -100.00 -100.00 -100.00
  55    56.495 55197.95441380 53.78 291.468197  -3.396110 29.001 -100.00 -100.00 -100.00
  56    56.590 55207.87006182 40.00 291.462093  -3.403982 26.877 -100.00 -100.00 -100.00
  56    56.500 55207.87006241 36.71 291.462989  -3.401481 19.438 -100.00 -100.00 -100.00
  56    56.692 55207.87006300 43.82 291.463884  -3.398981   -100 -100.00 -100.00 -100.00
  57    55.285 55217.78571140 28.66 291.460509  -3.404168 21.827 -100.00 -100.00 -100.00
  57    55.466 55217.78571199 28.37 291.461404  -3.401668 18.918 -100.00 -100.00 -100.00
  57    55.392 55217.78571258 32.53 291.462300  -3.399167 32.214 -100.00 -100.00 -100.00
  58    54.614 55227.70136021 28.12 291.459402  -3.405017 29.861 -100.00 -100.00 -100.00
  58    55.451 55227.70136080 26.52 291.460298  -3.402516 21.005 -100.00 -100.00 -100.00
  58    55.233 55227.70136139 29.79 291.461193  -3.400015 29.810 -100.00 -100.00 -100.00
  59    55.310 55237.61700633 33.03 291.459241  -3.404896   -100 -100.00 -100.00 -100.00
  59    55.539 55237.61700692 30.75 291.460136  -3.402395 23.659 -100.00 -100.00 -100.00
  59    55.448 55237.61700752 36.08 291.461032  -3.399894   -100 -100.00 -100.00 -100.00
  60    56.491 55247.53264902 43.83 291.459597  -3.403765 26.534 -100.00 -100.00 -100.00
  60    56.196 55247.53264962 47.14 291.460493  -3.401264   -100 -100.00 -100.00 -100.00
  60    56.256 55247.53265021 51.44 291.461389  -3.398763   -100 -100.00 -100.00 -100.00
  61    55.988 55257.44828807 37.99 291.457970  -3.406126 24.547 -100.00 -100.00 -100.00
  61    55.884 55257.44828866 38.19 291.458866  -3.403625 27.341 -100.00 -100.00 -100.00
  61    55.754 55257.44828925 34.60 291.459762  -3.401125 17.626 -100.00 -100.00 -100.00
  61    55.785 55257.44828984 43.18 291.460658  -3.398624   -100 -100.00 -100.00 -100.00
  62    56.666 55267.36392646 36.24 291.457741  -3.406205 17.693 -100.00 -100.00 -100.00
  62    55.585 55267.36392705 41.04 291.458637  -3.403704   -100 -100.00 -100.00 -100.00
  62    55.558 55267.36392764 40.15 291.459532  -3.401203   -100 -100.00 -100.00 -100.00
  62    55.816 55267.36392823 45.28 291.460428  -3.398702 11.536 -100.00 -100.00 -100.00
  63    57.051 55277.27956478 44.03 291.459765  -3.404047 21.625 -100.00 -100.00 -100.00
  63    56.421 55277.27956537 50.35 291.460661  -3.401546   -100 -100.00 -100.00 -100.00
  63    56.211 55277.27956596 54.15 291.461557  -3.399045  7.059 -100.00 -100.00 -100.00
  64    56.647 55287.19520155 37.64 291.463031  -3.404234   -100 -100.00 -100.00 -100.00
  64    56.336 55287.19520214 34.11 291.463927  -3.401733 27.333 -100.00 -100.00 -100.00
  64    56.521 55287.19520273 36.58 291.464822  -3.399232   -100 -100.00 -100.00 -100.00
  64    56.632 55287.19520332 41.26 291.465718  -3.396732   -100 -100.00 -100.00 -100.00
  65    56.531 55297.11083588 38.00 291.467123  -3.405640 24.764 -100.00 -100.00 -100.00
  65    57.430 55297.11083647 42.98 291.468019  -3.403140 30.494 -100.00 -100.00 -100.00
  65    56.703 55297.11083706 53.92 291.468915  -3.400639 25.591 -100.00 -100.00 -100.00
  65    57.045 55297.11083765 52.29 291.469810  -3.398138 12.780 -100.00 -100.00 -100.00
  65    56.875 55297.11083824 53.40 291.470706  -3.395637 22.764 -100.00 -100.00 -100.00
  66    57.290 55307.02647688 31.66 291.468308  -3.405275 14.008 -100.00 -100.00 -100.00
  66    57.233 55307.02647747 30.52 291.469203  -3.402774 11.484 -100.00 -100.00 -100.00
  66    57.253 55307.02647806 31.69 291.470099  -3.400274 13.585 -100.00 -100.00 -100.00
  66    57.357 55307.02647865 35.99 291.470995  -3.397773 24.714 -100.00 -100.00 -100.00
  66    57.764 55307.02647924 38.56 291.471891  -3.395272 25.201 -100.00 -100.00 -100.00
  67    57.884 55316.94212309 39.93 291.465937  -3.404926 27.836 -100.00 -100.00 -100.00
  67    57.557 55316.94212368 42.92 291.466833  -3.402425   -100 -100.00 -100.00 -100.00
  67    57.616 55316.94212427 43.21 291.467729  -3.399924   -100 -100.00 -100.00 -100.00
  67    57.572 55316.94212486 47.26 291.468625  -3.397423  2.549 -100.00 -100.00 -100.00
  68    57.380 55326.85776853 28.83 291.464218  -3.403985 15.401 -100.00 -100.00 -100.00
  68    57.539 55326.85776912 29.68 291.465113  -3.401484 16.772 -100.00 -100.00 -100.00
  68    57.394 55326.85776971 34.74 291.466009  -3.398983   -100 -100.00 -100.00 -100.00
  68    57.637 55326.85777030 36.35 291.466905  -3.396483 30.746 -100.00 -100.00 -100.00
  69    57.230 55336.77341279 31.46 291.463361  -3.405391 22.887 -100.00 -100.00 -100.00
  69    56.984 55336.77341338 28.66 291.464257  -3.402891 14.828 -100.00 -100.00 -100.00
  69    57.135 55336.77341397 27.36 291.465152  -3.400390 10.592 -100.00 -100.00 -100.00
  69    57.514 55336.77341456 28.88 291.466048  -3.397889 11.495 -100.00 -100.00 -100.00
  70    57.190 55346.68905730 35.66 291.464618  -3.403972 12.085 -100.00 -100.00 -100.00
  70    57.155 55346.68905789 39.01 291.465514  -3.401471 23.142 -100.00 -100.00 -100.00
  70    57.160 55346.68905848 44.00 291.466410  -3.398970   -100 -100.00 -100.00 -100.00
  70    57.176 55346.68905907 43.80 291.467305  -3.396470   -100 -100.00 -100.00 -100.00
  71    56.733 55356.60469947 36.66 291.464377  -3.406396 30.499 -100.00 -100.00 -100.00
  71    56.679 55356.60470006 33.70 291.465273  -3.403895 17.665 -100.00 -100.00 -100.00
  71    56.591 55356.60470065 32.29 291.466168  -3.401394 14.631 -100.00 -100.00 -100.00
  71    56.940 55356.60470124 34.53 291.467064  -3.398894 20.078 -100.00 -100.00 -100.00
  71    56.832 55356.60470183 39.85 291.467959  -3.396393   -100 -100.00 -100.00 -100.00
  72    56.550 55366.52034040 42.19 291.465113  -3.404374 22.356 -100.00 -100.00 -100.00
  72    56.356 55366.52034099 46.10 291.466008  -3.401873   -100 -100.00 -100.00 -100.00
  72    56.065 55366.52034158 49.55 291.466904  -3.399373  7.968 -100.00 -100.00 -100.00
  72    56.107 55366.52034217 50.40 291.467799  -3.396872  2.986 -100.00 -100.00 -100.00
  73    55.108 55376.43597932 38.07 291.465527  -3.404086 16.417 -100.00 -100.00 -100.00
  73    53.859 55376.43597991 50.43 291.466423  -3.401586 29.733 -100.00 -100.00 -100.00
  73    54.228 55376.43598050 39.52 291.467318  -3.399085   -100 -100.00 -100.00 -100.00
  73    53.939 55376.43598109 41.33 291.468214  -3.396585   -100 -100.00 -100.00 -100.00
  74    53.927 55386.35161673 39.93 291.466485  -3.405775 18.928 -100.00 -100.00 -100.00
  74    53.024 55386.35161732 42.01 291.467380  -3.403275 27.105 -100.00 -100.00 -100.00
  74    52.860 55386.35161791 46.38 291.468276  -3.400774   -100 -100.00 -100.00 -100.00
  74    52.896 55386.35161850 49.51 291.469171  -3.398274   -100 -100.00 -100.00 -100.00
  74    52.598 55386.35161909 46.72 291.470067  -3.395773   -100 -100.00 -100.00 -100.00
  75    52.357 55396.26725346 30.86 291.468758  -3.406638 12.617 -100.00 -100.00 -100.00
  75    52.058 55396.26725405 32.00 291.469653  -3.404137 14.615 -100.00 -100.00 -100.00
  75    52.023 55396.26725464 28.87 291.470549  -3.401637 11.494 -100.00 -100.00 -100.00
  75    54.797 55396.26725523 24.30 291.471444  -3.399136  4.751 -100.00 -100.00 -100.00
  75    54.327 55396.26725582 36.33 291.472340  -3.396636 30.781 -100.00 -100.00 -100.00
  77    51.128 55416.09854523 36.19 291.469025  -3.406496 14.717 -100.00 -100.00 -100.00
  77    50.613 55416.09854582 36.86 291.469920  -3.403995 17.536 -100.00 -100.00 -100.00
  77    51.252 55416.09854641 41.91 291.470816  -3.401495 23.145 -100.00 -100.00 -100.00
  77    50.698 55416.09854700 51.76 291.471711  -3.398994 11.545 -100.00 -100.00 -100.00
  77    50.555 55416.09854759 51.29 291.472607  -3.396494  0.443 -100.00 -100.00 -100.00
  78    49.756 55426.01419280 35.26 291.466354  -3.405800 24.961 -100.00 -100.00 -100.00
  78    50.669 55426.01419339 39.05 291.467249  -3.403300 20.755 -100.00 -100.00 -100.00
  78    50.126 55426.01419398 50.55 291.468145  -3.400799   -100 -100.00 -100.00 -100.00
  78    50.191 55426.01419457 48.32 291.469040  -3.398299   -100 -100.00 -100.00 -100.00
  78    49.730 55426.01419516 45.12 291.469936  -3.395799  1.777 -100.00 -100.00 -100.00
  79    51.115 55435.92983810 27.04 291.464059  -3.404694 10.979 -100.00 -100.00 -100.00
  79    50.146 55435.92983869 27.36 291.464954  -3.402193 11.803 -100.00 -100.00 -100.00
  79    47.913 55435.92983928 34.08 291.465850  -3.399693 27.397 -100.00 -100.00 -100.00
  79    47.665 55435.92983987 33.93 291.466745  -3.397193 30.858 -100.00 -100.00 -100.00
  80    47.339 55445.84548195 33.41 291.461690  -3.405906 15.419 -100.00 -100.00 -100.00
  80    46.186 55445.84548254 34.06 291.462586  -3.403406 32.534 -100.00 -100.00 -100.00
  80    46.195 55445.84548313 28.18 291.463482  -3.400906 14.328 -100.00 -100.00 -100.00
  80    52.950 55445.84548372 28.40 291.464377  -3.398405 18.260 -100.00 -100.00 -100.00
  81    52.773 55455.76112593 19.76 291.461625  -3.404844  5.278 -100.00 -100.00 -100.00
  81    53.211 55455.76112652 19.36 291.462521  -3.402344  5.792 -100.00 -100.00 -100.00
  81    53.677 55455.76112711 18.88 291.463416  -3.399844  4.506 -100.00 -100.00 -100.00
  81    53.840 55455.76112770 18.34 291.464312  -3.397343  5.019 -100.00 -100.00 -100.00
  82    47.279 55465.67676907 36.33 291.462772  -3.405091 23.041 -100.00 -100.00 -100.00
  82    47.402 55465.67676966 38.91 291.463667  -3.402591   -100 -100.00 -100.00 -100.00
  82    47.034 55465.67677025 40.80 291.464563  -3.400090   -100 -100.00 -100.00 -100.00
  82    46.750 55465.67677084 32.99 291.465458  -3.397590 16.928 -100.00 -100.00 -100.00
  83    49.453 55475.59240931 28.96 291.465129  -3.405304 14.679 -100.00 -100.00 -100.00
  83    46.336 55475.59240990 26.29 291.466024  -3.402804 13.380 -100.00 -100.00 -100.00
  83    52.350 55475.59241049 23.44 291.466920  -3.400303  9.760 -100.00 -100.00 -100.00
  83    53.081 55475.59241108 19.08 291.467815  -3.397803  4.217 -100.00 -100.00 -100.00
  84    49.175 55485.50804647 25.49 291.467363  -3.404779 13.298 -100.00 -100.00 -100.00
  84    52.889 55485.50804707 21.02 291.468258  -3.402278  7.923 -100.00 -100.00 -100.00
  84    52.820 55485.50804766 21.61 291.469154  -3.399778  7.785 -100.00 -100.00 -100.00
  84    53.451 55485.50804825 21.16 291.470049  -3.397278  7.200 -100.00 -100.00 -100.00
  85    47.570 55495.42368074 31.31 291.467824  -3.406227 16.641 -100.00 -100.00 -100.00
  85    46.969 55495.42368133 35.35 291.468720  -3.403727 25.486 -100.00 -100.00 -100.00
  85    47.283 55495.42368192 46.11 291.469615  -3.401226   -100 -100.00 -100.00 -100.00
  85    47.011 55495.42368251 41.10 291.470511  -3.398726  8.922 -100.00 -100.00 -100.00
  85    47.137 55495.42368310 23.97 291.471407  -3.396226  5.635 -100.00 -100.00 -100.00
  86    47.478 55505.33931475 35.28 291.468977  -3.406511 17.924 -100.00 -100.00 -100.00
  86    47.561 55505.33931534 38.05 291.469872  -3.404011 23.579 -100.00 -100.00 -100.00
  86    47.233 55505.33931593 36.97 291.470768  -3.401511 24.906 -100.00 -100.00 -100.00
  86    47.347 55505.33931652 36.54 291.471664  -3.399010 22.422 -100.00 -100.00 -100.00
  86    47.179 55505.33931711 37.81 291.472559  -3.396510 24.894 -100.00 -100.00 -100.00
  87    49.717 55515.25496508 36.98 291.467035  -3.405576 20.918 -100.00 -100.00 -100.00
  87    49.157 55515.25496567 34.59 291.467931  -3.403075 25.437 -100.00 -100.00 -100.00
  87    49.488 55515.25496626 35.41 291.468826  -3.400575 29.613 -100.00 -100.00 -100.00
  87    50.028 55515.25496685 41.07 291.469722  -3.398075 23.320 -100.00 -100.00 -100.00
  87    49.172 55515.25496744 40.03 291.470617  -3.395574   -100 -100.00 -100.00 -100.00
  88    51.405 55525.17061434 33.43 291.466279  -3.406228 17.635 -100.00 -100.00 -100.00
  88    50.717 55525.17061493 36.06 291.467174  -3.403727   -100 -100.00 -100.00 -100.00
  88    50.820 55525.17061552 42.46 291.468070  -3.401227   -100 -100.00 -100.00 -100.00
  88    51.222 55525.17061611 41.11 291.468965  -3.398726 29.385 -100.00 -100.00 -100.00
  88    50.523 55525.17061670 45.71 291.469860  -3.396226   -100 -100.00 -100.00 -100.00
  89    50.574 55535.08626213 42.68 291.465905  -3.404852   -100 -100.00 -100.00 -100.00
  89    50.504 55535.08626272 39.69 291.466800  -3.402352 23.569 -100.00 -100.00 -100.00
  89    50.612 55535.08626331 46.43 291.467696  -3.399851   -100 -100.00 -100.00 -100.00
  89    50.559 55535.08626390 47.18 291.468591  -3.397351   -100 -100.00 -100.00 -100.00
  90    51.753 55545.00190740 26.39 291.463640  -3.406226 24.111 -100.00 -100.00 -100.00
  90    51.783 55545.00190799 23.09 291.464535  -3.403725 16.134 -100.00 -100.00 -100.00
  90    52.768 55545.00190858 21.83 291.465431  -3.401224 14.573 -100.00 -100.00 -100.00
  90    53.563 55545.00190917 18.85 291.466326  -3.398724  8.009 -100.00 -100.00 -100.00
  90    53.610 55545.00190976 23.35 291.467222  -3.396223 15.729 -100.00 -100.00 -100.00
  91    50.916 55554.91755185 36.85 291.462357  -3.403862 19.442 -100.00 -100.00 -100.00
  91    50.875 55554.91755244 34.81 291.463253  -3.401361 13.997 -100.00 -100.00 -100.00
  91    50.895 55554.91755303 41.75 291.464149  -3.398861 31.834 -100.00 -100.00 -100.00
  92    51.810 55564.83319489 29.06 291.460928  -3.404920   -100 -100.00 -100.00 -100.00
  92    54.763 55564.83319548 26.20 291.461824  -3.402420 21.143 -100.00 -100.00 -100.00
  92    55.252 55564.83319607 30.34 291.462719  -3.399919   -100 -100.00 -100.00 -100.00
  92    55.185 55564.83319666 28.54 291.463615  -3.397418 23.035 -100.00 -100.00 -100.00
  93    52.698 55574.74883785 28.56 291.462370  -3.404957  8.356 -100.00 -100.00 -100.00
  93    54.972 55574.74883844 24.75 291.463266  -3.402457  4.513 -100.00 -100.00 -100.00
  93    53.609 55574.74883903 27.46 291.464161  -3.399956  7.703 -100.00 -100.00 -100.00
  93    52.322 55574.74883962 34.33 291.465057  -3.397455 17.342 -100.00 -100.00 -100.00
  94    53.089 55584.66447925 29.47 291.464526  -3.405309 22.834 -100.00 -100.00 -100.00
  94    52.936 55584.66447984 26.62 291.465422  -3.402808 21.024 -100.00 -100.00 -100.00
  94    54.746 55584.66448043 25.14 291.466318  -3.400307 16.286 -100.00 -100.00 -100.00
  94    55.324 55584.66448102 29.11 291.467213  -3.397807 24.276 -100.00 -100.00 -100.00
  95    52.337 55594.58011697 27.20 291.466297  -3.406411 19.550 -100.00 -100.00 -100.00
  95    54.542 55594.58011756 23.01 291.467193  -3.403911 12.062 -100.00 -100.00 -100.00
  95    55.314 55594.58011815 22.40 291.468089  -3.401410  9.021 -100.00 -100.00 -100.00
  95    54.660 55594.58011874 27.38 291.468984  -3.398909 18.063 -100.00 -100.00 -100.00
  95    54.340 55594.58011933 26.38 291.469880  -3.396408 16.755 -100.00 -100.00 -100.00
  96    53.977 55604.49575131 41.18 291.467569  -3.406589 20.325 -100.00 -100.00 -100.00
  96    54.380 55604.49575190 42.16 291.468464  -3.404088 15.767 -100.00 -100.00 -100.00
  96    53.137 55604.49575249 46.57 291.469360  -3.401587  1.068 -100.00 -100.00 -100.00
  96    53.235 55604.49575309 53.62 291.470256  -3.399087 24.656 -100.00 -100.00 -100.00
  96    53.120 55604.49575368 50.73 291.471152  -3.396586 24.453 -100.00 -100.00 -100.00
  97    54.142 55614.41138385 34.71 291.469791  -3.404215 22.337 -100.00 -100.00 -100.00
  97    54.183 55614.41138444 30.52 291.470687  -3.401714 11.113 -100.00 -100.00 -100.00
  97    54.044 55614.41138503 31.50 291.471583  -3.399213 13.998 -100.00 -100.00 -100.00
  97    54.233 55614.41138562 39.07 291.472479  -3.396712   -100 -100.00 -100.00 -100.00
  98    54.592 55624.32702214 38.06 291.470131  -3.404740 24.547 -100.00 -100.00 -100.00
  98    54.342 55624.32702273 39.45 291.471027  -3.402240   -100 -100.00 -100.00 -100.00
  98    54.399 55624.32702332 45.21 291.471923  -3.399739 12.460 -100.00 -100.00 -100.00
  98    54.462 55624.32702391 45.72 291.472819  -3.397238   -100 -100.00 -100.00 -100.00
  98    54.323 55624.32702450 46.34 291.473714  -3.394738   -100 -100.00 -100.00 -100.00
  99    55.868 55634.24267390 37.19 291.467641  -3.405046 21.482 -100.00 -100.00 -100.00
  99    55.069 55634.24267449 39.36 291.468537  -3.402546   -100 -100.00 -100.00 -100.00
  99    55.410 55634.24267508 37.11 291.469433  -3.400045   -100 -100.00 -100.00 -100.00
  99    55.302 55634.24267567 44.42 291.470328  -3.397544  6.342 -100.00 -100.00 -100.00
  99    55.173 55634.24267626 42.46 291.471224  -3.395043  3.045 -100.00 -100.00 -100.00
 100    56.052 55644.15832371 42.21 291.466902  -3.404755 25.748 -100.00 -100.00 -100.00
 100    55.577 55644.15832430 47.50 291.467797  -3.402254  0.662 -100.00 -100.00 -100.00
 100    55.876 55644.15832489 49.46 291.468693  -3.399753   -100 -100.00 -100.00 -100.00
 100    55.811 55644.15832548 50.64 291.469589  -3.397252   -100 -100.00 -100.00 -100.00
 101    56.944 55654.07397074 41.34 291.466565  -3.404633 22.331 -100.00 -100.00 -100.00
 101    56.370 55654.07397133 48.47 291.467461  -3.402132  2.032 -100.00 -100.00 -100.00
 101    56.663 55654.07397192 50.39 291.468356  -3.399631   -100 -100.00 -100.00 -100.00
 101    56.589 55654.07397251 51.48 291.469252  -3.397130   -100 -100.00 -100.00 -100.00
 102    57.316 55663.98961341 39.87 291.466005  -3.404558 31.558 -100.00 -100.00 -100.00
 102    57.201 55663.98961400 36.59 291.466901  -3.402057 21.260 -100.00 -100.00 -100.00
 102    57.318 55663.98961459 38.77 291.467797  -3.399556 27.619 -100.00 -100.00 -100.00
 102    57.316 55663.98961518 44.22 291.468693  -3.397056   -100 -100.00 -100.00 -100.00
 103    57.775 55673.90525319 36.17 291.464813  -3.404945 31.923 -100.00 -100.00 -100.00
 103    57.885 55673.90525378 33.17 291.465709  -3.402444 19.380 -100.00 -100.00 -100.00
 103    57.938 55673.90525437 37.70 291.466605  -3.399944   -100 -100.00 -100.00 -100.00
 103    58.311 55673.90525496 40.16 291.467501  -3.397443 29.812 -100.00 -100.00 -100.00
 104    58.415 55683.82089153 34.02 291.464134  -3.406336 21.736 -100.00 -100.00 -100.00
 104    58.317 55683.82089212 30.09 291.465030  -3.403835 11.858 -100.00 -100.00 -100.00
 104    58.112 55683.82089271 33.63 291.465925  -3.401335 21.595 -100.00 -100.00 -100.00
 104    58.483 55683.82089330 38.24 291.466821  -3.398834 30.558 -100.00 -100.00 -100.00
 104    58.532 55683.82089389 38.13 291.467717  -3.396333 25.657 -100.00 -100.00 -100.00
 105    58.663 55693.73652927 43.29 291.466551  -3.405857 27.653 -100.00 -100.00 -100.00
 105    58.429 55693.73652986 45.89 291.467446  -3.403356   -100 -100.00 -100.00 -100.00
 105    58.549 55693.73653045 45.85 291.468342  -3.400856   -100 -100.00 -100.00 -100.00
 105    58.510 55693.73653104 44.24 291.469238  -3.398355   -100 -100.00 -100.00 -100.00
 105    58.462 55693.73653163 49.76 291.470134  -3.395854  9.617 -100.00 -100.00 -100.00
 106    58.168 55703.65216575 30.39 291.470774  -3.404984 15.938 -100.00 -100.00 -100.00
 106    58.200 55703.65216634 32.01 291.471669  -3.402483 20.429 -100.00 -100.00 -100.00
 106    58.534 55703.65216693 35.96 291.472565  -3.399982   -100 -100.00 -100.00 -100.00
 106    58.606 55703.65216752 35.17 291.473461  -3.397481 24.466 -100.00 -100.00 -100.00
 108    57.885 55723.48345984 39.07 291.468214  -3.404964 30.112 -100.00 -100.00 -100.00
 108    57.825 55723.48346043 36.20 291.469110  -3.402464 19.088 -100.00 -100.00 -100.00
 108    57.765 55723.48346102 35.78 291.470005  -3.399963 18.422 -100.00 -100.00 -100.00
 108    57.955 55723.48346161 41.40 291.470901  -3.397462   -100 -100.00 -100.00 -100.00
 108    58.014 55723.48346220 42.13 291.471796  -3.394962   -100 -100.00 -100.00 -100.00
 109    57.972 55733.39910664 40.34 291.465436  -3.404117 21.861 -100.00 -100.00 -100.00
 109    57.371 55733.39910723 46.81 291.466332  -3.401616   -100 -100.00 -100.00 -100.00
 109    57.482 55733.39910782 45.49 291.467227  -3.399115   -100 -100.00 -100.00 -100.00
 109    57.488 55733.39910841 47.12 291.468123  -3.396615   -100 -100.00 -100.00 -100.00
 110    56.240 55743.31475191 30.14 291.463884  -3.404202  6.504 -100.00 -100.00 -100.00
 110    56.128 55743.31475250 32.11 291.464779  -3.401701  8.027 -100.00 -100.00 -100.00
 110    56.121 55743.31475309 35.00 291.465675  -3.399201 14.618 -100.00 -100.00 -100.00
 110    56.380 55743.31475368 38.56 291.466570  -3.396700 20.658 -100.00 -100.00 -100.00
 111    56.172 55753.23039565 36.98 291.463714  -3.405518 16.539 -100.00 -100.00 -100.00
 111    55.699 55753.23039624 39.01 291.464609  -3.403018   -100 -100.00 -100.00 -100.00
 111    55.597 55753.23039683 42.97 291.465504  -3.400517   -100 -100.00 -100.00 -100.00
 111    55.594 55753.23039742 43.50 291.466400  -3.398017   -100 -100.00 -100.00 -100.00
 112    56.639 55763.14603779 38.29 291.466193  -3.404679 16.425 -100.00 -100.00 -100.00
 112    55.583 55763.14603838 50.86 291.467088  -3.402178   -100 -100.00 -100.00 -100.00
 112    55.623 55763.14603897 50.89 291.467984  -3.399678   -100 -100.00 -100.00 -100.00
 112    55.604 55763.14603957 52.90 291.468879  -3.397177  2.493 -100.00 -100.00 -100.00
 113    54.698 55773.06167710 41.34 291.468240  -3.404363 23.481 -100.00 -100.00 -100.00
 113    54.357 55773.06167769 47.42 291.469136  -3.401863  0.350 -100.00 -100.00 -100.00
 113    54.417 55773.06167828 51.58 291.470031  -3.399362  6.634 -100.00 -100.00 -100.00
 113    54.419 55773.06167887 50.51 291.470927  -3.396862   -100 -100.00 -100.00 -100.00
 114    53.077 55782.97731267 42.32 291.468503  -3.405630 20.426 -100.00 -100.00 -100.00
 114    52.616 55782.97731326 43.05 291.469399  -3.403130   -100 -100.00 -100.00 -100.00
 114    52.479 55782.97731385 45.57 291.470294  -3.400629   -100 -100.00 -100.00 -100.00
 114    52.535 55782.97731444 48.55 291.471190  -3.398129   -100 -100.00 -100.00 -100.00
 114    52.519 55782.97731503 44.73 291.472086  -3.395629   -100 -100.00 -100.00 -100.00
 115    51.193 55792.89294627 43.03 291.469327  -3.406030 26.963 -100.00 -100.00 -100.00
 115    50.706 55792.89294686 44.07 291.470222  -3.403530   -100 -100.00 -100.00 -100.00
 115    50.684 55792.89294745 41.50 291.471118  -3.401029 30.041 -100.00 -100.00 -100.00
 115    51.061 55792.89294804 43.74 291.472013  -3.398529 31.744 -100.00 -100.00 -100.00
 115    50.570 55792.89294863 42.56 291.472909  -3.396028   -100 -100.00 -100.00 -100.00
 117    47.788 55812.72423203 39.17 291.469928  -3.405197 21.858 -100.00 -100.00 -100.00
 117    47.489 55812.72423262 39.72 291.470823  -3.402697 28.186 -100.00 -100.00 -100.00
 117    47.508 55812.72423321 40.12 291.471719  -3.400197   -100 -100.00 -100.00 -100.00
 117    47.168 55812.72423380 38.28 291.472614  -3.397696 28.531 -100.00 -100.00 -100.00
 117    47.068 55812.72423439 34.94 291.473510  -3.395196 17.536 -100.00 -100.00 -100.00
 118    47.990 55822.63988051 40.91 291.469343  -3.405836 22.725 -100.00 -100.00 -100.00
 118    47.919 55822.63988110 41.98 291.470239  -3.403335 28.798 -100.00 -100.00 -100.00
 118    47.820 55822.63988169 41.22 291.471135  -3.400835   -100 -100.00 -100.00 -100.00
 118    47.825 55822.63988228 39.74 291.472030  -3.398334 30.095 -100.00 -100.00 -100.00
 118    47.781 55822.63988288 37.70 291.472926  -3.395834 22.791 -100.00 -100.00 -100.00
 119    53.183 55832.55552447 36.93 291.469887  -3.405435 16.006 -100.00 -100.00 -100.00
 119    48.975 55832.55552506 38.18 291.470782  -3.402935 26.861 -100.00 -100.00 -100.00
 119    49.091 55832.55552565 43.48 291.471678  -3.400435   -100 -100.00 -100.00 -100.00
 119    49.284 55832.55552624 42.48 291.472573  -3.397934 31.293 -100.00 -100.00 -100.00
 119    48.960 55832.55552683 38.75 291.473469  -3.395434 25.507 -100.00 -100.00 -100.00
 120    51.742 55842.47116369 45.52 291.470132  -3.405733 30.194 -100.00 -100.00 -100.00
 120    51.690 55842.47116428 46.24 291.471028  -3.403233   -100 -100.00 -100.00 -100.00
 120    51.580 55842.47116487 46.36 291.471923  -3.400733   -100 -100.00 -100.00 -100.00
 120    51.589 55842.47116546 50.63 291.472819  -3.398232  6.073 -100.00 -100.00 -100.00
 120    51.558 55842.47116605 47.85 291.473715  -3.395732   -100 -100.00 -100.00 -100.00
 121    53.236 55852.38679967 34.51 291.470428  -3.405763 14.774 -100.00 -100.00 -100.00
 121    51.960 55852.38680026 35.02 291.471323  -3.403263 28.408 -100.00 -100.00 -100.00
 121    51.991 55852.38680085 28.49 291.472219  -3.400763 12.889 -100.00 -100.00 -100.00
 121    51.999 55852.38680144 39.59 291.473115  -3.398262   -100 -100.00 -100.00 -100.00
 121    52.327 55852.38680203 38.30 291.474010  -3.395762 27.239 -100.00 -100.00 -100.00
 123    50.451 55872.21808777 38.22 291.467901  -3.406359 20.336 -100.00 -100.00 -100.00
 123    50.459 55872.21808836 41.46 291.468796  -3.403859 21.942 -100.00 -100.00 -100.00
 123    49.828 55872.21808895 47.42 291.469692  -3.401358   -100 -100.00 -100.00 -100.00
 123    49.867 55872.21808954 51.41 291.470587  -3.398858   -100 -100.00 -100.00 -100.00
 123    49.858 55872.21809013 47.00 291.471483  -3.396357   -100 -100.00 -100.00 -100.00
 133    57.803 55971.37452868 30.54 291.463321  -3.405027 17.496 -100.00 -100.00 -100.00
 133    57.745 55971.37452927 31.93 291.464217  -3.402527 18.466 -100.00 -100.00 -100.00
 133    58.056 55971.37452986 33.27 291.465112  -3.400026 21.372 -100.00 -100.00 -100.00
 133    58.431 55971.37453045 37.02 291.466008  -3.397525 27.253 -100.00 -100.00 -100.00
 134    58.455 55981.29016443 42.34 291.465372  -3.405632   -100 -100.00 -100.00 -100.00
 134    58.183 55981.29016502 45.51 291.466267  -3.403132   -100 -100.00 -100.00 -100.00
 134    58.176 55981.29016561 48.84 291.467163  -3.400631   -100 -100.00 -100.00 -100.00
 134    58.138 55981.29016620 49.85 291.468059  -3.398130 11.535 -100.00 -100.00 -100.00
 134    58.012 55981.29016679 50.32 291.468955  -3.395629 21.295 -100.00 -100.00 -100.00
 135    58.970 55991.20579928 39.38 291.469864  -3.405331 19.938 -100.00 -100.00 -100.00
 135    58.460 55991.20579987 43.54 291.470759  -3.402830   -100 -100.00 -100.00 -100.00
 135    58.094 55991.20580046 45.52 291.471655  -3.400329   -100 -100.00 -100.00 -100.00
 135    58.193 55991.20580105 42.86 291.472551  -3.397828   -100 -100.00 -100.00 -100.00
 135    58.313 55991.20580164 48.51 291.473447  -3.395327   -100 -100.00 -100.00 -100.00
 136    58.664 56001.12144485 36.01 291.470541  -3.404946 23.749 -100.00 -100.00 -100.00
 136    58.314 56001.12144544 36.20 291.471437  -3.402445 25.810 -100.00 -100.00 -100.00
 136    58.498 56001.12144603 35.98 291.472332  -3.399944 21.951 -100.00 -100.00 -100.00
 136    58.525 56001.12144662 39.75 291.473228  -3.397443   -100 -100.00 -100.00 -100.00
 136    58.512 56001.12144721 41.27 291.474124  -3.394942   -100 -100.00 -100.00 -100.00
 137    59.797 56011.03709448 37.44 291.468141  -3.405140 15.134 -100.00 -100.00 -100.00
 137    58.487 56011.03709507 36.83 291.469037  -3.402639   -100 -100.00 -100.00 -100.00
 137    58.509 56011.03709566 34.58 291.469933  -3.400138 30.720 -100.00 -100.00 -100.00
 137    58.726 56011.03709625 41.00 291.470829  -3.397637   -100 -100.00 -100.00 -100.00
 137    58.842 56011.03709684 42.29 291.471724  -3.395136   -100 -100.00 -100.00 -100.00
 138    59.214 56020.95274072 42.50 291.465995  -3.404321 32.310 -100.00 -100.00 -100.00
 138    58.872 56020.95274131 47.66 291.466891  -3.401820 10.632 -100.00 -100.00 -100.00
 138    58.891 56020.95274190 49.01 291.467787  -3.399319 14.732 -100.00 -100.00 -100.00
 138    59.125 56020.95274249 49.65 291.468683  -3.396818   -100 -100.00 -100.00 -100.00
 139    59.512 56030.86838389 43.45 291.463593  -3.405100 29.575 -100.00 -100.00 -100.00
 139    59.557 56030.86838448 46.73 291.464489  -3.402599   -100 -100.00 -100.00 -100.00
 139    59.370 56030.86838507 49.59 291.465384  -3.400098   -100 -100.00 -100.00 -100.00
 139    59.489 56030.86838566 51.46 291.466280  -3.397597   -100 -100.00 -100.00 -100.00
 141    59.888 56050.69966489 43.37 291.464493  -3.406359 24.031 -100.00 -100.00 -100.00
 141    59.612 56050.69966548 45.94 291.465389  -3.403858   -100 -100.00 -100.00 -100.00
 141    59.345 56050.69966607 49.48 291.466284  -3.401357  5.986 -100.00 -100.00 -100.00
 141    59.435 56050.69966666 50.92 291.467180  -3.398856  6.993 -100.00 -100.00 -100.00
 141    59.371 56050.69966725 50.68 291.468076  -3.396355 13.077 -100.00 -100.00 -100.00
 142    59.321 56060.61530226 32.89 291.468326  -3.404970 26.071 -100.00 -100.00 -100.00
 142    59.260 56060.61530285 33.48 291.469221  -3.402469 28.012 -100.00 -100.00 -100.00
 142    59.179 56060.61530344 34.48 291.470117  -3.399968 30.996 -100.00 -100.00 -100.00
 142    59.584 56060.61530403 38.05 291.471013  -3.397467   -100 -100.00 -100.00 -100.00
 142    59.598 56060.61530462 38.45 291.471908  -3.394966 29.139 -100.00 -100.00 -100.00
 144    59.031 56080.44658952 42.54 291.467827  -3.406354 28.414 -100.00 -100.00 -100.00
 144    58.806 56080.44659011 44.30 291.468723  -3.403853   -100 -100.00 -100.00 -100.00
 144    58.883 56080.44659070 47.59 291.469619  -3.401353   -100 -100.00 -100.00 -100.00
 144    59.199 56080.44659129 47.53 291.470514  -3.398852   -100 -100.00 -100.00 -100.00
 144    58.790 56080.44659188 51.00 291.471410  -3.396351 11.350 -100.00 -100.00 -100.00
 145    59.335 56090.36223697 39.44 291.465031  -3.406034 18.624 -100.00 -100.00 -100.00
 145    58.669 56090.36223756 43.57 291.465926  -3.403533 32.580 -100.00 -100.00 -100.00
 145    58.333 56090.36223815 54.94 291.466822  -3.401033 20.255 -100.00 -100.00 -100.00
 145    58.618 56090.36223874 52.04 291.467718  -3.398532   -100 -100.00 -100.00 -100.00
 145    58.422 56090.36223933 53.21 291.468613  -3.396031 19.132 -100.00 -100.00 -100.00
 146    58.073 56100.27788214 41.61 291.464283  -3.405183 17.557 -100.00 -100.00 -100.00
 146    57.517 56100.27788273 46.51 291.465178  -3.402683   -100 -100.00 -100.00 -100.00
 146    57.584 56100.27788332 52.08 291.466074  -3.400182   -100 -100.00 -100.00 -100.00
 146    57.430 56100.27788391 52.79 291.466969  -3.397682  4.090 -100.00 -100.00 -100.00
 147    55.023 56110.19351320 38.58 291.464969  -3.404973 26.242 -100.00 -100.00 -100.00
 147    54.663 56110.19351379 50.95 291.465865  -3.402473 18.941 -100.00 -100.00 -100.00
 147    54.758 56110.19351438 55.94 291.466760  -3.399972 31.728 -100.00 -100.00 -100.00
 147    54.893 56110.19351497 52.06 291.467656  -3.397472   -100 -100.00 -100.00 -100.00
 148    54.063 56120.10915261 36.83 291.466812  -3.405927 24.198 -100.00 -100.00 -100.00
 148    54.868 56120.10915320 41.52 291.467708  -3.403427 30.269 -100.00 -100.00 -100.00
 148    54.557 56120.10915379 50.40 291.468603  -3.400926   -100 -100.00 -100.00 -100.00
 148    54.690 56120.10915438 51.09 291.469499  -3.398426   -100 -100.00 -100.00 -100.00
 148    54.206 56120.10915497 50.73 291.470395  -3.395925   -100 -100.00 -100.00 -100.00
 149    54.153 56130.02478877 41.32 291.469643  -3.406002 22.812 -100.00 -100.00 -100.00
 149    54.043 56130.02478936 43.49 291.470539  -3.403502 26.165 -100.00 -100.00 -100.00
 149    53.745 56130.02478995 47.94 291.471435  -3.401001   -100 -100.00 -100.00 -100.00
 149    53.846 56130.02479054 51.05 291.472330  -3.398501   -100 -100.00 -100.00 -100.00
 149    53.686 56130.02479113 50.91 291.473226  -3.396000   -100 -100.00 -100.00 -100.00
 151    53.610 56149.85607273 27.83 291.468302  -3.404659 21.956 -100.00 -100.00 -100.00
 151    53.559 56149.85607332 22.87 291.469197  -3.402159 11.361 -100.00 -100.00 -100.00
 151    53.572 56149.85607391 24.15 291.470093  -3.399659 11.334 -100.00 -100.00 -100.00
 151    50.922 56149.85607450 31.50 291.470988  -3.397158   -100 -100.00 -100.00 -100.00
 152    49.021 56159.77172166 38.60 291.465774  -3.406088 26.071 -100.00 -100.00 -100.00
 152    49.728 56159.77172225 40.31 291.466669  -3.403588 22.714 -100.00 -100.00 -100.00
 152    49.010 56159.77172284 52.71 291.467565  -3.401087  2.607 -100.00 -100.00 -100.00
 152    49.061 56159.77172343 51.12 291.468460  -3.398587   -100 -100.00 -100.00 -100.00
 152    49.002 56159.77172402 39.10 291.469356  -3.396086   -100 -100.00 -100.00 -100.00
 153    48.876 56169.68737004 38.41 291.466064  -3.404699 23.742 -100.00 -100.00 -100.00
 153    49.013 56169.68737063 33.91 291.466960  -3.402198 14.262 -100.00 -100.00 -100.00
 153    49.168 56169.68737122 40.52 291.467855  -3.399698   -100 -100.00 -100.00 -100.00
 153    48.765 56169.68737181 40.06 291.468751  -3.397197   -100 -100.00 -100.00 -100.00
 154    50.418 56179.60301434 35.83 291.466255  -3.405853 19.314 -100.00 -100.00 -100.00
 154    49.397 56179.60301493 35.45 291.467150  -3.403352   -100 -100.00 -100.00 -100.00
 154    49.695 56179.60301552 30.81 291.468046  -3.400852 22.462 -100.00 -100.00 -100.00
 154    50.057 56179.60301611 29.60 291.468942  -3.398351 15.947 -100.00 -100.00 -100.00
 154    53.376 56179.60301670 27.88 291.469837  -3.395851 12.291 -100.00 -100.00 -100.00
 155    55.153 56189.51865486 22.41 291.467084  -3.404823  6.309 -100.00 -100.00 -100.00
 155    53.431 56189.51865545 23.35 291.467979  -3.402323  8.711 -100.00 -100.00 -100.00
 155    53.303 56189.51865604 22.42 291.468875  -3.399823  8.104 -100.00 -100.00 -100.00
 155    53.465 56189.51865663 22.04 291.469771  -3.397322  7.976 -100.00 -100.00 -100.00
 156    55.361 56199.43429166 22.25 291.467200  -3.405533  8.970 -100.00 -100.00 -100.00
 156    53.304 56199.43429225 24.36 291.468095  -3.403033 12.956 -100.00 -100.00 -100.00
 156    53.108 56199.43429284 19.80 291.468991  -3.400533  6.418 -100.00 -100.00 -100.00
 156    53.618 56199.43429343 19.50 291.469886  -3.398032  6.006 -100.00 -100.00 -100.00
 156    53.494 56199.43429402 20.15 291.470782  -3.395532  5.383 -100.00 -100.00 -100.00
 157    49.806 56209.34992565 34.86 291.468658  -3.406590 32.494 -100.00 -100.00 -100.00
 157    50.272 56209.34992624 36.91 291.469554  -3.404090 21.906 -100.00 -100.00 -100.00
 157    49.844 56209.34992683 37.57 291.470449  -3.401589   -100 -100.00 -100.00 -100.00
 157    49.775 56209.34992742 47.02 291.471345  -3.399089 17.452 -100.00 -100.00 -100.00
 157    49.881 56209.34992802 44.75 291.472240  -3.396589   -100 -100.00 -100.00 -100.00
 160    50.673 56239.09685929 44.33 291.470000  -3.404290   -100 -100.00 -100.00 -100.00
 160    50.836 56239.09685988 46.23 291.470895  -3.401790   -100 -100.00 -100.00 -100.00
 160    50.903 56239.09686047 47.45 291.471791  -3.399290   -100 -100.00 -100.00 -100.00
 160    50.561 56239.09686106 48.86 291.472686  -3.396789   -100 -100.00 -100.00 -100.00
 160    50.351 56239.09686165 42.69 291.473581  -3.394289   -100 -100.00 -100.00 -100.00
 161    51.202 56249.01250844 23.45 291.466941  -3.406254 16.108 -100.00 -100.00 -100.00
 161    53.396 56249.01250903 20.92 291.467837  -3.403754 12.459 -100.00 -100.00 -100.00
 161    53.154 56249.01250962 19.12 291.468732  -3.401253  9.229 -100.00 -100.00 -100.00
 161    52.973 56249.01251021 17.26 291.469628  -3.398753  7.636 -100.00 -100.00 -100.00
 161    53.031 56249.01251080 17.96 291.470523  -3.396252  8.084 -100.00 -100.00 -100.00
 162    51.707 56258.92815355 31.86 291.465752  -3.406095 15.699 -100.00 -100.00 -100.00
 162    51.306 56258.92815414 26.79 291.466648  -3.403595  9.454 -100.00 -100.00 -100.00
 162    52.743 56258.92815473 23.66 291.467543  -3.401094  5.663 -100.00 -100.00 -100.00
 162    52.476 56258.92815532 24.08 291.468439  -3.398594  6.513 -100.00 -100.00 -100.00
 162    51.176 56258.92815591 24.02 291.469334  -3.396093  5.794 -100.00 -100.00 -100.00
 163    52.852 56268.84379652 22.69 291.466088  -3.404121 14.517 -100.00 -100.00 -100.00
 163    52.966 56268.84379711 24.64 291.466984  -3.401621 19.101 -100.00 -100.00 -100.00
 163    53.108 56268.84379770 21.54 291.467879  -3.399120 12.368 -100.00 -100.00 -100.00
 163    53.426 56268.84379829 22.34 291.468775  -3.396620 12.237 -100.00 -100.00 -100.00
 164    52.636 56278.75943741 23.35 291.466348  -3.404430 23.366 -100.00 -100.00 -100.00
 164    52.998 56278.75943800 21.62 291.467243  -3.401929 17.423 -100.00 -100.00 -100.00
 164    53.120 56278.75943859 18.74 291.468139  -3.399429  9.163 -100.00 -100.00 -100.00
 164    53.239 56278.75943918 19.26 291.469034  -3.396928 10.732 -100.00 -100.00 -100.00
 165    54.042 56288.67508742 36.76 291.464033  -3.405670   -100 -100.00 -100.00 -100.00
 165    54.041 56288.67508801 32.67 291.464929  -3.403169 22.685 -100.00 -100.00 -100.00
 165    54.085 56288.67508860 35.01 291.465824  -3.400669 32.717 -100.00 -100.00 -100.00
 165    54.215 56288.67508919 38.46 291.466720  -3.398168   -100 -100.00 -100.00 -100.00
 166    56.058 56298.59073688 45.54 291.463091  -3.404398   -100 -100.00 -100.00 -100.00
 166    55.833 56298.59073748 48.78 291.463987  -3.401897   -100 -100.00 -100.00 -100.00
 166    55.886 56298.59073807 51.71 291.464883  -3.399397   -100 -100.00 -100.00 -100.00
 166    55.709 56298.59073866 49.96 291.465778  -3.396896  5.827 -100.00 -100.00 -100.00
 167    56.984 56308.50638192 38.53 291.462015  -3.404552   -100 -100.00 -100.00 -100.00
 167    56.816 56308.50638251 36.19 291.462910  -3.402052   -100 -100.00 -100.00 -100.00
 167    57.176 56308.50638310 39.98 291.463806  -3.399551   -100 -100.00 -100.00 -100.00
 167    57.119 56308.50638369 41.74 291.464702  -3.397050   -100 -100.00 -100.00 -100.00
 168    58.006 56318.42202385 41.59 291.460877  -3.406024 25.145 -100.00 -100.00 -100.00
 168    57.509 56318.42202444 42.34 291.461773  -3.403523   -100 -100.00 -100.00 -100.00
 168    57.419 56318.42202503 43.49 291.462669  -3.401023   -100 -100.00 -100.00 -100.00
 168    57.553 56318.42202562 49.02 291.463565  -3.398522  9.476 -100.00 -100.00 -100.00
 169    57.766 56328.33766475 34.53 291.461124  -3.405762   -100 -100.00 -100.00 -100.00
 169    57.392 56328.33766534 36.35 291.462019  -3.403261   -100 -100.00 -100.00 -100.00
 169    57.685 56328.33766593 34.14 291.462915  -3.400760 29.925 -100.00 -100.00 -100.00
 169    57.813 56328.33766652 38.45 291.463811  -3.398260   -100 -100.00 -100.00 -100.00
 170    57.997 56338.25330473 42.67 291.463323  -3.405425 27.360 -100.00 -100.00 -100.00
 170    57.931 56338.25330532 47.56 291.464219  -3.402924   -100 -100.00 -100.00 -100.00
 170    57.655 56338.25330591 50.92 291.465114  -3.400423   -100 -100.00 -100.00 -100.00
 170    57.613 56338.25330650 52.03 291.466010  -3.397922  9.370 -100.00 -100.00 -100.00
 171    58.550 56348.16894263 39.64 291.466703  -3.406221 17.945 -100.00 -100.00 -100.00
 171    58.249 56348.16894322 43.64 291.467599  -3.403720 27.653 -100.00 -100.00 -100.00
 171    57.953 56348.16894381 49.03 291.468494  -3.401219   -100 -100.00 -100.00 -100.00
 171    57.879 56348.16894440 51.88 291.469390  -3.398719  2.899 -100.00 -100.00 -100.00
 171    57.806 56348.16894499 54.12 291.470286  -3.396218 23.700 -100.00 -100.00 -100.00
 172    58.548 56358.08457819 40.63 291.470623  -3.405202 26.290 -100.00 -100.00 -100.00
 172    58.171 56358.08457878 43.55 291.471518  -3.402701   -100 -100.00 -100.00 -100.00
 172    58.152 56358.08457937 45.09 291.472414  -3.400200   -100 -100.00 -100.00 -100.00
 172    58.267 56358.08457996 48.93 291.473310  -3.397699  4.609 -100.00 -100.00 -100.00
 172    58.413 56358.08458055 48.10 291.474206  -3.395199   -100 -100.00 -100.00 -100.00
 173    58.780 56368.00022770 41.63 291.467382  -3.404350 24.768 -100.00 -100.00 -100.00
 173    58.495 56368.00022829 41.50 291.468278  -3.401849   -100 -100.00 -100.00 -100.00
 173    58.340 56368.00022888 44.46 291.469174  -3.399348   -100 -100.00 -100.00 -100.00
 173    58.648 56368.00022948 47.79 291.470069  -3.396847   -100 -100.00 -100.00 -100.00
 175    58.942 56387.83152078 46.11 291.461112  -3.405489   -100 -100.00 -100.00 -100.00
 175    58.903 56387.83152137 48.81 291.462008  -3.402988   -100 -100.00 -100.00 -100.00
 175    58.866 56387.83152197 50.27 291.462904  -3.400487   -100 -100.00 -100.00 -100.00
 175    58.851 56387.83152256 52.04 291.463799  -3.397986  5.323 -100.00 -100.00 -100.00
 176    58.756 56397.74716441 32.61 291.461665  -3.406174 21.506 -100.00 -100.00 -100.00
 176    58.719 56397.74716500 32.55 291.462561  -3.403673 21.792 -100.00 -100.00 -100.00
 176    58.692 56397.74716559 33.37 291.463456  -3.401172 23.313 -100.00 -100.00 -100.00
 176    59.281 56397.74716618 37.45 291.464352  -3.398671 28.602 -100.00 -100.00 -100.00
 177    59.022 56407.66280613 38.41 291.464205  -3.405196 32.666 -100.00 -100.00 -100.00
 177    58.834 56407.66280672 35.83 291.465100  -3.402695 24.474 -100.00 -100.00 -100.00
 177    58.909 56407.66280731 36.21 291.465996  -3.400195 22.339 -100.00 -100.00 -100.00
 177    59.197 56407.66280790 41.86 291.466891  -3.397694   -100 -100.00 -100.00 -100.00
 178    58.815 56417.57844353 28.78 291.466870  -3.405576 15.076 -100.00 -100.00 -100.00
 178    58.718 56417.57844412 29.71 291.467765  -3.403076 16.078 -100.00 -100.00 -100.00
 178    58.801 56417.57844471 32.53 291.468661  -3.400575 24.604 -100.00 -100.00 -100.00
 178    58.947 56417.57844530 35.00 291.469557  -3.398074 29.551 -100.00 -100.00 -100.00
 178    59.434 56417.57844589 36.86 291.470452  -3.395573 23.095 -100.00 -100.00 -100.00
 179    59.307 56427.49407640 40.67 291.470814  -3.404585 18.852 -100.00 -100.00 -100.00
 179    58.651 56427.49407699 46.10 291.471710  -3.402085   -100 -100.00 -100.00 -100.00
 179    58.779 56427.49407758 46.65 291.472605  -3.399584   -100 -100.00 -100.00 -100.00
 179    58.856 56427.49407817 51.28 291.473501  -3.397083   -100 -100.00 -100.00 -100.00
 179    58.805 56427.49407876 49.66 291.474396  -3.394582   -100 -100.00 -100.00 -100.00
 180    58.328 56437.40972860 37.71 291.466690  -3.404129   -100 -100.00 -100.00 -100.00
 180    58.080 56437.40972919 35.05 291.467586  -3.401628   -100 -100.00 -100.00 -100.00
 180    58.312 56437.40972979 33.24 291.468481  -3.399128 28.257 -100.00 -100.00 -100.00
 180    58.629 56437.40973038 39.70 291.469377  -3.396627 29.347 -100.00 -100.00 -100.00
 181    57.619 56447.32537886 29.03 291.462785  -3.405696 12.594 -100.00 -100.00 -100.00
 181    57.699 56447.32537945 28.74 291.463681  -3.403195 10.252 -100.00 -100.00 -100.00
 181    57.667 56447.32538004 32.80 291.464576  -3.400694 17.727 -100.00 -100.00 -100.00
 181    58.048 56447.32538063 35.62 291.465472  -3.398194 23.232 -100.00 -100.00 -100.00
 182    57.752 56457.24102725 41.99 291.461584  -3.406269 25.786 -100.00 -100.00 -100.00
 182    57.519 56457.24102784 46.14 291.462480  -3.403769   -100 -100.00 -100.00 -100.00
 182    57.343 56457.24102843 50.06 291.463375  -3.401268  5.575 -100.00 -100.00 -100.00
 182    57.497 56457.24102902 52.57 291.464271  -3.398768   -100 -100.00 -100.00 -100.00
 183    57.459 56467.15667271 39.62 291.461715  -3.406059 24.086 -100.00 -100.00 -100.00
 183    57.019 56467.15667330 42.68 291.462610  -3.403558   -100 -100.00 -100.00 -100.00
 183    56.967 56467.15667389 44.14 291.463506  -3.401058   -100 -100.00 -100.00 -100.00
 183    57.183 56467.15667448 47.88 291.464401  -3.398557   -100 -100.00 -100.00 -100.00
 184    57.118 56477.07231423 42.89 291.462558  -3.406128 23.970 -100.00 -100.00 -100.00
 184    56.719 56477.07231482 44.86 291.463454  -3.403627   -100 -100.00 -100.00 -100.00
 184    56.381 56477.07231542 45.90 291.464349  -3.401127  1.512 -100.00 -100.00 -100.00
 184    56.867 56477.07231601 50.26 291.465245  -3.398626   -100 -100.00 -100.00 -100.00
 185    56.244 56486.98795257 41.65 291.464400  -3.405107 23.317 -100.00 -100.00 -100.00
 185    55.963 56486.98795316 40.09 291.465296  -3.402607 24.524 -100.00 -100.00 -100.00
 185    56.165 56486.98795375 42.95 291.466191  -3.400106   -100 -100.00 -100.00 -100.00
 185    55.806 56486.98795434 47.07 291.467087  -3.397606   -100 -100.00 -100.00 -100.00
 187    54.091 56506.81922298 42.41 291.468864  -3.405796   -100 -100.00 -100.00 -100.00
 187    53.859 56506.81922357 40.58 291.469759  -3.403295 28.548 -100.00 -100.00 -100.00
 187    54.043 56506.81922416 41.20 291.470655  -3.400795 29.538 -100.00 -100.00 -100.00
 187    54.406 56506.81922475 45.73 291.471550  -3.398295   -100 -100.00 -100.00 -100.00
 187    54.001 56506.81922534 45.98 291.472446  -3.395794   -100 -100.00 -100.00 -100.00
 189    53.612 56526.65051363 31.27 291.470368  -3.406346 11.067 -100.00 -100.00 -100.00
 189    53.338 56526.65051423 27.80 291.471264  -3.403846  4.672 -100.00 -100.00 -100.00
 190    53.249 56536.56616405 39.65 291.468360  -3.406444 20.984 -100.00 -100.00 -100.00
 190    53.003 56536.56616464 38.98 291.469256  -3.403944 23.498 -100.00 -100.00 -100.00
 190    52.729 56536.56616523 37.63 291.470151  -3.401443 20.527 -100.00 -100.00 -100.00
 190    52.971 56536.56616582 34.65 291.471047  -3.398943 11.675 -100.00 -100.00 -100.00
 190    53.751 56536.56616641 33.31 291.471942  -3.396442 10.792 -100.00 -100.00 -100.00
 192    50.322 56556.39745437 40.60 291.463639  -3.404404 28.113 -100.00 -100.00 -100.00
 192    50.594 56556.39745496 41.08 291.464535  -3.401903 28.971 -100.00 -100.00 -100.00
 192    50.885 56556.39745555 45.99 291.465430  -3.399403 28.996 -100.00 -100.00 -100.00
 192    50.211 56556.39745614 45.71 291.466326  -3.396903   -100 -100.00 -100.00 -100.00
 193    50.825 56566.31309662 41.93 291.463154  -3.404925 32.733 -100.00 -100.00 -100.00
 193    50.624 56566.31309721 40.36 291.464050  -3.402424   -100 -100.00 -100.00 -100.00
 193    50.603 56566.31309780 42.92 291.464945  -3.399924   -100 -100.00 -100.00 -100.00
 193    50.580 56566.31309839 36.68 291.465841  -3.397424 26.791 -100.00 -100.00 -100.00
 194    50.640 56576.22873770 30.62 291.464995  -3.405461 11.292 -100.00 -100.00 -100.00
 194    50.489 56576.22873829 30.56 291.465890  -3.402960  9.675 -100.00 -100.00 -100.00
 194    50.469 56576.22873888 32.77 291.466786  -3.400460 15.821 -100.00 -100.00 -100.00
 194    50.603 56576.22873947 33.67 291.467681  -3.397959 17.686 -100.00 -100.00 -100.00
 195    53.519 56586.14437571 34.96 291.468664  -3.406168 15.575 -100.00 -100.00 -100.00
 195    52.402 56586.14437630 37.71 291.469559  -3.403668 19.477 -100.00 -100.00 -100.00
 195    51.876 56586.14437689 41.71 291.470455  -3.401168   -100 -100.00 -100.00 -100.00
 195    52.036 56586.14437748 47.07 291.471350  -3.398667   -100 -100.00 -100.00 -100.00
 195    51.744 56586.14437807 46.17 291.472245  -3.396167   -100 -100.00 -100.00 -100.00
 197    52.620 56605.97566640 36.24 291.467473  -3.405900 26.909 -100.00 -100.00 -100.00
 197    53.240 56605.97566699 39.91 291.468368  -3.403400 20.502 -100.00 -100.00 -100.00
 197    52.576 56605.97566758 33.30 291.469264  -3.400900 32.744 -100.00 -100.00 -100.00
 197    52.591 56605.97566817 42.90 291.470159  -3.398399 21.898 -100.00 -100.00 -100.00
 197    52.470 56605.97566876 39.13 291.471055  -3.395899   -100 -100.00 -100.00 -100.00
 198    53.503 56615.89131409 40.72 291.464599  -3.405151 21.707 -100.00 -100.00 -100.00
 198    53.052 56615.89131468 42.73 291.465495  -3.402651   -100 -100.00 -100.00 -100.00
 198    53.212 56615.89131527 46.85 291.466390  -3.400150   -100 -100.00 -100.00 -100.00
 198    53.212 56615.89131586 47.93 291.467286  -3.397650   -100 -100.00 -100.00 -100.00
 199    54.110 56625.80695867 20.60 291.464225  -3.404329  8.080 -100.00 -100.00 -100.00
 199    54.100 56625.80695926 21.92 291.465120  -3.401828 10.587 -100.00 -100.00 -100.00
 199    53.777 56625.80695985 23.31 291.466016  -3.399327 12.447 -100.00 -100.00 -100.00
 199    53.822 56625.80696044 26.94 291.466911  -3.396827 21.555 -100.00 -100.00 -100.00
 200    54.960 56635.72260012 21.83 291.464722  -3.406140 10.369 -100.00 -100.00 -100.00
 200    55.460 56635.72260071 21.32 291.465617  -3.403640  8.782 -100.00 -100.00 -100.00
 200    53.869 56635.72260130 25.98 291.466513  -3.401139 20.578 -100.00 -100.00 -100.00
 200    53.888 56635.72260189 28.39 291.467409  -3.398639 27.018 -100.00 -100.00 -100.00
 200    54.384 56635.72260248 29.53 291.468304  -3.396138 27.169 -100.00 -100.00 -100.00
 201    54.939 56645.63824063 26.70 291.467960  -3.404430 17.811 -100.00 -100.00 -100.00
 201    54.640 56645.63824122 24.36 291.468856  -3.401930 12.662 -100.00 -100.00 -100.00
 201    54.522 56645.63824181 28.88 291.469751  -3.399429 26.333 -100.00 -100.00 -100.00
 201    55.071 56645.63824240 29.69 291.470647  -3.396928 21.659 -100.00 -100.00 -100.00
 202    55.114 56655.55389300 42.15 291.464360  -3.406198 25.886 -100.00 -100.00 -100.00
 202    54.924 56655.55389359 42.93 291.465255  -3.403697 30.194 -100.00 -100.00 -100.00
 202    54.970 56655.55389418 48.30 291.466151  -3.401196   -100 -100.00 -100.00 -100.00
 202    54.863 56655.55389477 50.06 291.467047  -3.398696   -100 -100.00 -100.00 -100.00
 202    54.462 56655.55389536 45.81 291.467942  -3.396195  8.039 -100.00 -100.00 -100.00
 203    54.159 56665.46954150 41.61 291.462156  -3.405385 32.187 -100.00 -100.00 -100.00
 203    54.135 56665.46954209 39.52 291.463051  -3.402884 21.490 -100.00 -100.00 -100.00
 203    54.077 56665.46954268 43.37 291.463947  -3.400384   -100 -100.00 -100.00 -100.00
 203    54.074 56665.46954327 38.07 291.464843  -3.397883 19.497 -100.00 -100.00 -100.00
 205    56.600 56685.30083133 43.04 291.461082  -3.404361  0.145 -100.00 -100.00 -100.00
 205    56.475 56685.30083192 42.87 291.461978  -3.401860   -100 -100.00 -100.00 -100.00
 205    56.953 56685.30083251 39.53 291.462873  -3.399359   -100 -100.00 -100.00 -100.00
 206    56.772 56695.21647325 32.14 291.462620  -3.405787 21.552 -100.00 -100.00 -100.00
 206    56.820 56695.21647384 30.52 291.463516  -3.403287 16.059 -100.00 -100.00 -100.00
 206    56.828 56695.21647443 32.82 291.464411  -3.400786 20.788 -100.00 -100.00 -100.00
 206    57.025 56695.21647502 37.09 291.465307  -3.398285 30.811 -100.00 -100.00 -100.00
 207    57.248 56705.13211107 38.99 291.466389  -3.406394 18.321 -100.00 -100.00 -100.00
 207    57.140 56705.13211166 43.05 291.467285  -3.403893 25.221 -100.00 -100.00 -100.00
 207    56.789 56705.13211225 48.26 291.468180  -3.401393   -100 -100.00 -100.00 -100.00
 207    56.723 56705.13211284 52.34 291.469076  -3.398892   -100 -100.00 -100.00 -100.00
 207    56.578 56705.13211343 53.18 291.469972  -3.396391  8.744 -100.00 -100.00 -100.00
 209    57.311 56724.96339547 40.00 291.465510  -3.405930 19.166 -100.00 -100.00 -100.00
 209    57.357 56724.96339606 40.57 291.466406  -3.403429 29.099 -100.00 -100.00 -100.00
 209    57.037 56724.96339665 38.96 291.467301  -3.400929 23.527 -100.00 -100.00 -100.00
 209    57.419 56724.96339724 43.43 291.468197  -3.398428   -100 -100.00 -100.00 -100.00
 209    57.085 56724.96339783 45.91 291.469093  -3.395927   -100 -100.00 -100.00 -100.00
 211    57.981 56744.79469205 37.88 291.459386  -3.404776   -100 -100.00 -100.00 -100.00
 211    57.765 56744.79469264 35.76 291.460282  -3.402275 28.435 -100.00 -100.00 -100.00
 211    58.116 56744.79469323 36.88 291.461178  -3.399774 27.574 -100.00 -100.00 -100.00
 212    58.041 56754.71033501 34.74 291.462014  -3.403937 27.500 -100.00 -100.00 -100.00
 212    58.148 56754.71033560 32.57 291.462910  -3.401436 17.506 -100.00 -100.00 -100.00
 212    58.493 56754.71033619 37.88 291.463805  -3.398935 28.321 -100.00 -100.00 -100.00
 213    58.489 56764.62597209 35.61 291.466485  -3.405149 27.527 -100.00 -100.00 -100.00
 213    58.458 56764.62597268 32.04 291.467381  -3.402648 14.379 -100.00 -100.00 -100.00
 213    58.535 56764.62597327 35.51 291.468276  -3.400147 21.758 -100.00 -100.00 -100.00
 213    58.640 56764.62597386 39.63 291.469172  -3.397646   -100 -100.00 -100.00 -100.00
 214    58.686 56774.54160899 37.86 291.469162  -3.405892 21.801 -100.00 -100.00 -100.00
 214    58.341 56774.54160958 33.49 291.470057  -3.403391 14.745 -100.00 -100.00 -100.00
 214    58.545 56774.54161017 32.76 291.470953  -3.400890 12.958 -100.00 -100.00 -100.00
 214    58.521 56774.54161076 35.36 291.471849  -3.398389 17.217 -100.00 -100.00 -100.00
 214    58.775 56774.54161135 40.57 291.472744  -3.395888 32.501 -100.00 -100.00 -100.00
 215    58.647 56784.45726516 32.19 291.463246  -3.406280 15.365 -100.00 -100.00 -100.00
 215    58.718 56784.45726575 31.68 291.464142  -3.403779 14.153 -100.00 -100.00 -100.00
 215    58.705 56784.45726634 33.23 291.465037  -3.401278 16.096 -100.00 -100.00 -100.00
 215    59.331 56784.45726693 37.77 291.465933  -3.398777 20.159 -100.00 -100.00 -100.00
 215    58.999 56784.45726752 38.85 291.466829  -3.396277 24.872 -100.00 -100.00 -100.00
 216    59.183 56794.37291791 42.94 291.458659  -3.404960 29.001 -100.00 -100.00 -100.00
 216    58.923 56794.37291850 47.58 291.459554  -3.402459   -100 -100.00 -100.00 -100.00
 216    58.784 56794.37291909 41.58 291.460450  -3.399958   -100 -100.00 -100.00 -100.00
 217    58.925 56804.28856672 38.07 291.455838  -3.405732 28.455 -100.00 -100.00 -100.00
 217    58.613 56804.28856731 41.20 291.456734  -3.403231   -100 -100.00 -100.00 -100.00
 217    58.665 56804.28856790 37.21 291.457629  -3.400730 31.341 -100.00 -100.00 -100.00
 219    58.421 56824.11984757 41.78 291.460992  -3.406180   -100 -100.00 -100.00 -100.00
 219    58.282 56824.11984816 42.89 291.461888  -3.403679   -100 -100.00 -100.00 -100.00
 219    58.255 56824.11984875 44.74 291.462783  -3.401179   -100 -100.00 -100.00 -100.00
 219    58.574 56824.11984934 46.00 291.463679  -3.398678   -100 -100.00 -100.00 -100.00
 220    58.263 56834.03548285 42.94 291.464989  -3.404625 21.610 -100.00 -100.00 -100.00
 220    58.355 56834.03548344 41.85 291.465884  -3.402125 22.770 -100.00 -100.00 -100.00
 220    58.345 56834.03548403 44.37 291.466780  -3.399624 27.519 -100.00 -100.00 -100.00
 220    57.653 56834.03548462 48.25 291.467676  -3.397124   -100 -100.00 -100.00 -100.00
 221    58.061 56843.95111466 41.97 291.468644  -3.404355 17.538 -100.00 -100.00 -100.00
 221    57.376 56843.95111525 48.38 291.469540  -3.401855   -100 -100.00 -100.00 -100.00
 221    57.191 56843.95111584 48.03 291.470435  -3.399354   -100 -100.00 -100.00 -100.00
 221    57.183 56843.95111643 52.48 291.471331  -3.396853 17.971 -100.00 -100.00 -100.00
 222    55.993 56853.86675762 30.36 291.467903  -3.405274 23.103 -100.00 -100.00 -100.00
 222    56.016 56853.86675821 26.81 291.468799  -3.402773 12.429 -100.00 -100.00 -100.00
 222    56.132 56853.86675880 30.35 291.469695  -3.400273 17.655 -100.00 -100.00 -100.00
 222    56.411 56853.86675939 33.73 291.470590  -3.397772 27.691 -100.00 -100.00 -100.00
 222    56.389 56853.86675998 34.84 291.471486  -3.395272 29.602 -100.00 -100.00 -100.00
 223    55.060 56863.78241123 27.87 291.464490  -3.406165 19.335 -100.00 -100.00 -100.00
 223    55.039 56863.78241182 26.00 291.465385  -3.403665 14.446 -100.00 -100.00 -100.00
 223    55.129 56863.78241241 25.92 291.466281  -3.401164 14.918 -100.00 -100.00 -100.00
 223    54.826 56863.78241300 28.34 291.467176  -3.398663 21.468 -100.00 -100.00 -100.00
 223    55.508 56863.78241359 30.60 291.468072  -3.396163 24.187 -100.00 -100.00 -100.00
 224    53.602 56873.69806506 40.34 291.463339  -3.404239 25.028 -100.00 -100.00 -100.00
 224    53.668 56873.69806565 41.41 291.464234  -3.401739 26.655 -100.00 -100.00 -100.00
 224    53.979 56873.69806624 45.95 291.465130  -3.399238   -100 -100.00 -100.00 -100.00
 224    53.586 56873.69806683 38.72 291.466025  -3.396738 19.517 -100.00 -100.00 -100.00
 225    53.549 56883.61371534 40.11 291.462363  -3.404132 18.363 -100.00 -100.00 -100.00
 225    52.416 56883.61371593 45.13 291.463258  -3.401631 19.673 -100.00 -100.00 -100.00
 225    52.495 56883.61371652 33.62 291.464154  -3.399131 21.333 -100.00 -100.00 -100.00
 226    52.810 56893.52936183 38.58 291.460943  -3.405673 29.957 -100.00 -100.00 -100.00
 226    52.723 56893.52936242 33.82 291.461838  -3.403172 17.208 -100.00 -100.00 -100.00
 226    52.911 56893.52936301 35.43 291.462734  -3.400672 18.896 -100.00 -100.00 -100.00
 226    52.599 56893.52936361 40.62 291.463629  -3.398171   -100 -100.00 -100.00 -100.00
 227    51.699 56903.44500529 37.82 291.459427  -3.405224 19.560 -100.00 -100.00 -100.00
 227    51.385 56903.44500588 32.89 291.460322  -3.402723 13.761 -100.00 -100.00 -100.00
 227    55.118 56903.44500647 31.03 291.461218  -3.400223 10.002 -100.00 -100.00 -100.00
 227    55.150 56903.44500706 29.34 291.462113  -3.397722  7.490 -100.00 -100.00 -100.00
 228    50.993 56913.36064671 42.12 291.458245  -3.404228 23.324 -100.00 -100.00 -100.00
 228    50.826 56913.36064730 46.92 291.459140  -3.401728   -100 -100.00 -100.00 -100.00
 228    50.523 56913.36064790 50.19 291.460036  -3.399227   -100 -100.00 -100.00 -100.00
 229    51.692 56923.27628623 41.08 291.459300  -3.404603 17.703 -100.00 -100.00 -100.00
 229    50.627 56923.27628682 47.20 291.460195  -3.402103   -100 -100.00 -100.00 -100.00
 229    50.749 56923.27628741 52.11 291.461090  -3.399602   -100 -100.00 -100.00 -100.00
 230    51.206 56933.19192333 37.22 291.462895  -3.406288 27.165 -100.00 -100.00 -100.00
 230    51.886 56933.19192392 40.15 291.463791  -3.403787 23.296 -100.00 -100.00 -100.00
 230    51.358 56933.19192451 48.13 291.464686  -3.401287   -100 -100.00 -100.00 -100.00
 230    51.014 56933.19192510 50.32 291.465581  -3.398787   -100 -100.00 -100.00 -100.00
 231    52.991 56943.10755613 22.92 291.469617  -3.404862  6.158 -100.00 -100.00 -100.00
 231    53.639 56943.10755672 22.94 291.470512  -3.402361  5.888 -100.00 -100.00 -100.00
 231    54.253 56943.10755731 23.49 291.471408  -3.399861  5.552 -100.00 -100.00 -100.00
 231    55.059 56943.10755790 23.70 291.472303  -3.397361  5.025 -100.00 -100.00 -100.00
 231    54.612 56943.10755849 31.70 291.473198  -3.394860 21.237 -100.00 -100.00 -100.00
 232    53.867 56953.02320140 34.24 291.469869  -3.405843 14.700 -100.00 -100.00 -100.00
 232    53.072 56953.02320199 34.75 291.470764  -3.403342 24.092 -100.00 -100.00 -100.00
 232    53.276 56953.02320258 30.33 291.471660  -3.400842 13.443 -100.00 -100.00 -100.00
 232    53.239 56953.02320317 41.04 291.472555  -3.398341   -100 -100.00 -100.00 -100.00
 232    53.005 56953.02320376 39.12 291.473451  -3.395841   -100 -100.00 -100.00 -100.00
 233    55.131 56962.93885165 21.48 291.465866  -3.406315  8.656 -100.00 -100.00 -100.00
 233    53.261 56962.93885224 24.61 291.466761  -3.403814 13.547 -100.00 -100.00 -100.00
 233    53.907 56962.93885283 23.32 291.467657  -3.401314 10.983 -100.00 -100.00 -100.00
 233    55.641 56962.93885342 22.64 291.468552  -3.398813  9.561 -100.00 -100.00 -100.00
 233    55.409 56962.93885401 27.95 291.469448  -3.396313 18.317 -100.00 -100.00 -100.00
 234    52.803 56972.85449793 37.39 291.463427  -3.404547 17.986 -100.00 -100.00 -100.00
 234    53.020 56972.85449852 34.02 291.464323  -3.402047 10.349 -100.00 -100.00 -100.00
 234    52.853 56972.85449911 40.76 291.465218  -3.399546 30.509 -100.00 -100.00 -100.00
 234    52.573 56972.85449970 38.92 291.466114  -3.397046 23.715 -100.00 -100.00 -100.00
 235    54.277 56982.77013980 36.40 291.463060  -3.405415 21.428 -100.00 -100.00 -100.00
 235    53.332 56982.77014039 40.04 291.463955  -3.402915   -100 -100.00 -100.00 -100.00
 235    53.625 56982.77014098 34.20 291.464851  -3.400414   -100 -100.00 -100.00 -100.00
 235    53.455 56982.77014157 41.79 291.465746  -3.397914  9.745 -100.00 -100.00 -100.00
 236    54.416 56992.68577756 41.98 291.466378  -3.405411 23.375 -100.00 -100.00 -100.00
 236    54.079 56992.68577815 46.25 291.467273  -3.402910   -100 -100.00 -100.00 -100.00
 236    54.258 56992.68577874 46.14 291.468169  -3.400409   -100 -100.00 -100.00 -100.00
 236    53.891 56992.68577933 48.46 291.469064  -3.397909  7.074 -100.00 -100.00 -100.00
 236    53.908 56992.68577992 35.22 291.469960  -3.395408 12.300 -100.00 -100.00 -100.00
 238    55.966 57012.51707049 35.19 291.466363  -3.406457 21.072 -100.00 -100.00 -100.00
 238    55.794 57012.51707108 36.80 291.467258  -3.403957 30.627 -100.00 -100.00 -100.00
 238    55.666 57012.51707167 33.59 291.468154  -3.401456 19.598 -100.00 -100.00 -100.00
 238    55.673 57012.51707226 35.44 291.469050  -3.398955 28.071 -100.00 -100.00 -100.00
 238    56.079 57012.51707285 39.71 291.469945  -3.396455   -100 -100.00 -100.00 -100.00
 239    56.728 57022.43272205 43.85 291.463379  -3.405263 30.395 -100.00 -100.00 -100.00
 239    56.517 57022.43272264 48.50 291.464275  -3.402763   -100 -100.00 -100.00 -100.00
 239    56.603 57022.43272323 51.42 291.465171  -3.400262   -100 -100.00 -100.00 -100.00
 239    56.257 57022.43272382 52.49 291.466066  -3.397761 16.138 -100.00 -100.00 -100.00
 240    57.134 57032.34837021 34.24 291.461049  -3.406130 20.962 -100.00 -100.00 -100.00
 240    56.712 57032.34837080 33.98 291.461945  -3.403630 24.824 -100.00 -100.00 -100.00
 240    56.807 57032.34837139 35.05 291.462841  -3.401129 28.385 -100.00 -100.00 -100.00
 240    57.128 57032.34837198 38.85 291.463736  -3.398628   -100 -100.00 -100.00 -100.00
 241    57.300 57042.26401691 33.51 291.461739  -3.404063 27.394 -100.00 -100.00 -100.00
 241    57.218 57042.26401750 34.10 291.462634  -3.401562 27.552 -100.00 -100.00 -100.00
 241    57.294 57042.26401809 35.60 291.463530  -3.399061 32.704 -100.00 -100.00 -100.00
 242    57.917 57052.17966092 39.92 291.462902  -3.404669   -100 -100.00 -100.00 -100.00
 242    57.533 57052.17966151 38.55 291.463797  -3.402168   -100 -100.00 -100.00 -100.00
 242    57.588 57052.17966210 42.50 291.464693  -3.399668   -100 -100.00 -100.00 -100.00
 242    57.737 57052.17966269 45.16 291.465589  -3.397167   -100 -100.00 -100.00 -100.00
 243    57.939 57062.09530066 38.72 291.465107  -3.405628 29.657 -100.00 -100.00 -100.00
 243    58.050 57062.09530125 40.51 291.466003  -3.403127   -100 -100.00 -100.00 -100.00
 243    58.187 57062.09530184 44.01 291.466899  -3.400626   -100 -100.00 -100.00 -100.00
 243    58.258 57062.09530243 44.17 291.467794  -3.398125 32.713 -100.00 -100.00 -100.00
 244    58.873 57072.01093537 43.15 291.467748  -3.405824 19.792 -100.00 -100.00 -100.00
 244    58.344 57072.01093596 39.17 291.468644  -3.403323 20.151 -100.00 -100.00 -100.00
 244    58.217 57072.01093655 39.87 291.469539  -3.400822 22.392 -100.00 -100.00 -100.00
 244    58.156 57072.01093714 45.23 291.470435  -3.398321   -100 -100.00 -100.00 -100.00
 244    58.496 57072.01093773 46.09 291.471331  -3.395821   -100 -100.00 -100.00 -100.00
 245    58.376 57081.92656630 34.41 291.470390  -3.405878 20.673 -100.00 -100.00 -100.00
 245    58.409 57081.92656689 30.79 291.471286  -3.403377 11.736 -100.00 -100.00 -100.00
 245    58.316 57081.92656748 33.53 291.472182  -3.400876 17.814 -100.00 -100.00 -100.00
 245    58.344 57081.92656807 36.07 291.473078  -3.398375 22.917 -100.00 -100.00 -100.00
 245    58.541 57081.92656866 38.61 291.473973  -3.395874 30.716 -100.00 -100.00 -100.00
 246    58.516 57091.84221121 29.48 291.468289  -3.406515 16.737 -100.00 -100.00 -100.00
 246    58.355 57091.84221180 31.80 291.469185  -3.404014 19.360 -100.00 -100.00 -100.00
 246    58.377 57091.84221239 33.55 291.470080  -3.401513 26.951 -100.00 -100.00 -100.00
 246    58.600 57091.84221298 35.10 291.470976  -3.399012 28.585 -100.00 -100.00 -100.00
 246    58.811 57091.84221357 38.10 291.471872  -3.396511 29.374 -100.00 -100.00 -100.00
 247    58.475 57101.75786896 43.04 291.464264  -3.404607   -100 -100.00 -100.00 -100.00
 247    58.562 57101.75786955 41.12 291.465159  -3.402106   -100 -100.00 -100.00 -100.00
 247    58.481 57101.75787014 44.60 291.466055  -3.399605   -100 -100.00 -100.00 -100.00
 247    58.754 57101.75787073 44.22 291.466950  -3.397104   -100 -100.00 -100.00 -100.00
 248    58.792 57111.67352297 37.60 291.462482  -3.404845 20.916 -100.00 -100.00 -100.00
 248    58.898 57111.67352356 37.30 291.463378  -3.402344 19.809 -100.00 -100.00 -100.00
 248    58.863 57111.67352415 38.67 291.464273  -3.399843 23.946 -100.00 -100.00 -100.00
 248    58.966 57111.67352474 42.92 291.465169  -3.397342   -100 -100.00 -100.00 -100.00
 249    59.304 57121.58917103 39.13 291.462686  -3.406206 26.477 -100.00 -100.00 -100.00
 249    59.047 57121.58917162 34.25 291.463582  -3.403705 17.921 -100.00 -100.00 -100.00
 249    59.007 57121.58917221 36.33 291.464477  -3.401204 25.489 -100.00 -100.00 -100.00
 249    59.172 57121.58917280 42.12 291.465373  -3.398703   -100 -100.00 -100.00 -100.00
 250    59.072 57131.50481408 34.88 291.464012  -3.403923 22.655 -100.00 -100.00 -100.00
 250    59.288 57131.50481467 34.57 291.464908  -3.401422 20.172 -100.00 -100.00 -100.00
 250    59.777 57131.50481526 38.75 291.465804  -3.398922 25.811 -100.00 -100.00 -100.00
 250    59.561 57131.50481585 40.20 291.466699  -3.396421 30.936 -100.00 -100.00 -100.00
