#    0.000   0.000   0.000 ;Mean Elev.(m), Avg Gradient(m/km), RMS Gradient(m/km) - SRTM1     
#    0.000   0.000   0.000 ;Mean Elev.(m), Avg Gradient(m/km), RMS Gradient(m/km) - ASTER GDEM
#   27.768  -0.463   3.780 ;Mean Elev.(m), Avg Gradient(m/km), RMS Gradient(m/km) - GMTED2010 
   1 295.265026  -3.258730    33.987    33.951  8 54668.95250722 33.917
   2 295.263476  -3.257845    33.175    33.161  7 54678.86815077 30.560
   3 295.264659  -3.258267    13.295    13.303  7 54688.78379389 26.384
   4 295.269012  -3.261866    32.791    32.850  7 54698.69943613 20.500
   5 295.271030  -3.262794    13.350    13.351  8 54708.61507999 14.224
   6 295.267250  -3.260364    27.279    27.289  7 54718.53073106 41.763
   7 295.261907  -3.255752    14.430    14.428  8 54728.44637886 29.685
   8 295.257583  -3.253051    30.527    30.007  8 54738.36202539 22.117
   9 295.254798  -3.250280    28.185    28.072  9 54748.27767163 48.739
  10 295.254538  -3.250709    27.127    27.193  8 54758.19331830 49.752
  11 295.256274  -3.252087    27.889    27.891  8 54768.10896313 52.711
  12 295.258689  -3.253393    28.301    28.303  8 54778.02460470 49.848
  13 295.261223  -3.256544    29.733    30.265  8 54787.94024439 25.690
  14 295.261707  -3.255648    29.551    29.618  8 54797.85588239 37.706
  17 295.267135  -3.260641    30.226    30.243  8 54827.60281099 29.944
  18 295.262469  -3.257478    30.570    30.580  8 54837.51844960 31.845
  19 295.255948  -3.251360    30.815    30.766  8 54847.43409764 52.490
  20 295.252492  -3.249382    32.628    32.499  8 54857.34974597 51.517
  21 295.251669  -3.249318    33.376    33.349  9 54867.26539473 30.123
  22 295.252205  -3.249201    33.961    33.915  9 54877.18104278 32.354
  23 295.254198  -3.250615    34.343    34.334  9 54887.09668820 49.125
  24 295.253793  -3.249883    34.552    34.546  8 54897.01232950 32.508
  25 295.252435  -3.249412    35.217    35.216  8 54906.92796833 41.059
  26 295.252430  -3.249395    35.601    35.611  9 54916.84360640 32.276
  27 295.254819  -3.251202    35.871    35.859  9 54926.75924514 34.343
  28 295.259245  -3.254170    36.254    36.265  9 54936.67488377 37.051
  29 295.265107  -3.259133    36.452    36.478  7 54946.59052109 34.654
  30 295.270469  -3.262861    36.652    36.706  8 54956.50615582 35.105
  31 295.267059  -3.260690    37.033    37.063  7 54966.42180386 37.534
  32 295.263088  -3.256780    37.347    37.340  8 54976.33745021 51.030
  33 295.261387  -3.256081    35.302    35.304  8 54986.25309712 28.508
  34 295.261198  -3.255265    35.319    35.317  8 54996.16874413 30.881
  35 295.262013  -3.257294    37.771    37.767  8 55006.08439015 54.464
  36 295.260437  -3.254946    37.555    37.533  8 55016.00003286 37.982
  37 295.259146  -3.254842    37.248    37.238  8 55025.91567481 38.086
  38 295.257597  -3.252556    36.831    36.856  8 55035.83131605 35.907
  39 295.259975  -3.254519    36.232    36.249  8 55045.74695793 34.881
  40 295.265670  -3.259538    35.443    35.461  8 55055.66259909 32.846
  41 295.269934  -3.262187    34.393    34.383  8 55065.57823740 36.133
  42 295.266268  -3.259673    32.894    32.871  8 55075.49388527 31.648
  43 295.260027  -3.254653    31.363    31.364  8 55085.40953158 50.012
  44 295.255625  -3.251050    29.250    29.235  8 55095.32517653 35.037
  45 295.255031  -3.250911    28.576    28.928  8 55105.24082211 39.247
  46 295.256322  -3.251887    26.957    27.002  9 55115.15646776 50.720
  47 295.258538  -3.253788    27.420    27.514  9 55125.07211125 51.040
  48 295.259827  -3.254184    27.661    27.644  8 55134.98775176 49.670
  49 295.260584  -3.254753    27.140    27.001  8 55144.90339040 40.809
  50 295.261664  -3.256493    25.762    25.784  8 55154.81902897 47.085
  51 295.263531  -3.258120    29.470    29.584  8 55164.73466814 33.201
  52 295.266500  -3.259563    31.115    31.929  7 55174.65030727 25.829
  53 295.269559  -3.261883    31.923    32.669  7 55184.56594835 22.749
  54 295.265136  -3.259012    30.694    30.678  7 55194.48159915 32.083
  55 295.258834  -3.253662    31.581    31.524  8 55204.39724775 42.563
  56 295.254668  -3.250206    31.732    31.729  9 55214.31289603 35.374
  57 295.253543  -3.249751    31.607    31.854  8 55224.22854448 24.358
  58 295.254257  -3.250415    31.325    31.309  8 55234.14419148 47.916
  59 295.256113  -3.251481    32.042    32.002  9 55244.05983536 46.047
  60 295.256001  -3.251912    32.261    32.251  9 55253.97547593 35.108
  61 295.253904  -3.250215    32.219    32.231  9 55263.89111422 31.681
  62 295.253689  -3.249802    32.537    32.586  9 55273.80675222 25.562
  63 295.257434  -3.253318    32.813    32.761  8 55283.72239109 26.703
  64 295.263222  -3.257879    33.236    33.173  8 55293.63802901 27.252
  66 295.263946  -3.257602    34.549    34.504  8 55313.46931431 35.979
  67 295.260926  -3.254897    35.125    35.101  8 55323.38495895 46.558
  68 295.259391  -3.253911    35.394    35.431  8 55333.30060246 37.408
  69 295.259384  -3.254725    35.521    35.479  8 55343.21624616 45.849
  70 295.260534  -3.255875    35.435    35.417  8 55353.13188953 32.402
  71 295.262179  -3.257254    35.619    35.599  8 55363.04753083 38.083
  72 295.262934  -3.257145    35.302    35.283  8 55372.96316993 31.504
  74 295.266187  -3.260017    33.700    33.711  8 55392.79444612 28.032
  75 295.270302  -3.263018    32.574    32.577  8 55402.71008315 32.189
  76 295.268045  -3.261095    31.984    31.715  7 55412.62573437 28.107
  77 295.265344  -3.259045    29.839    29.779  8 55422.54138319 31.216
  78 295.262180  -3.256573    27.779    27.728  7 55432.45702910 45.921
  79 295.257974  -3.252664    25.328    25.283  8 55442.37267242 47.810
  80 295.256689  -3.252707    23.853    23.802  9 55452.28831510 46.176
  81 295.258031  -3.253440    24.298    24.297  8 55462.20395723 47.434
  82 295.261816  -3.256390    24.338    24.340  8 55472.11959827 48.189
  83 295.265714  -3.259827    22.601    22.568  7 55482.03523660 41.579
  84 295.268168  -3.261858    22.503    22.497  7 55491.95087240 51.289
  85 295.270023  -3.262439    23.327    23.349  7 55501.86650641 32.403
  86 295.268229  -3.261531    23.183    23.163  7 55511.78215100 45.806
  87 295.265018  -3.258709    25.238    25.227  8 55521.69780024 47.729
  88 295.262791  -3.256989    28.581    29.396  7 55531.61344865 28.376
  89 295.261154  -3.256118    26.775    26.771  8 55541.52909565 48.414
  90 295.259427  -3.254702    28.139    27.305  8 55551.44474035 35.812
  91 295.257567  -3.253185    26.984    26.955  9 55561.36038331 49.581
  92 295.257900  -3.253198    27.820    27.842  9 55571.27602581 49.779
  93 295.260381  -3.255601    28.056    28.069  8 55581.19166765 53.751
  94 295.263833  -3.258482    28.743    28.755  8 55591.10730658 44.160
  95 295.267677  -3.261257    29.277    28.683  8 55601.02294226 31.678
  96 295.270519  -3.263313    30.025    30.011  8 55610.93857571 37.717
  97 295.272879  -3.264610    30.086    30.080  8 55620.85420816 26.950
  98 295.267494  -3.260962    31.940    32.204  8 55630.76986005 23.789
  99 295.265032  -3.258960    32.194    32.069  7 55640.68551081 27.057
 100 295.264513  -3.258998    32.803    32.906  8 55650.60115955 25.720
 101 295.263241  -3.257794    32.555    32.579  8 55660.51680434 29.052
 102 295.261508  -3.256547    33.498    33.501  8 55670.43244544 33.609
 103 295.261160  -3.256258    34.434    34.423  8 55680.34808472 35.880
 104 295.263619  -3.257314    34.913    34.920  8 55690.26372236 40.015
 105 295.268242  -3.261246    35.505    35.449  8 55700.17935904 54.007
 106 295.271048  -3.263609    35.892    35.881  8 55710.09499849 40.890
 107 295.267143  -3.260424    36.197    36.197  7 55720.01064714 35.196
 108 295.263313  -3.257523    36.099    36.124  7 55729.92629372 33.506
 109 295.261109  -3.255279    36.165    36.162  8 55739.84193947 33.445
 110 295.261202  -3.256465    36.027    36.004  8 55749.75758511 33.469
 111 295.262285  -3.257020    35.642    35.636  8 55759.67322852 32.486
 112 295.263920  -3.257949    35.275    35.233  7 55769.58886921 31.766
 113 295.265598  -3.259378    34.361    34.384  8 55779.50450677 31.495
 114 295.267815  -3.261241    33.075    33.100  8 55789.42014169 37.941
 115 295.270814  -3.262820    30.912    30.845  8 55799.33577518 48.083
 116 295.269295  -3.261512    27.281    27.307  8 55809.25142083 54.618
 117 295.268841  -3.261801    25.021    24.994  8 55819.16706924 39.785
 118 295.270010  -3.262594    24.443    24.382  7 55829.08271354 31.942
 119 295.270760  -3.262666    25.641    25.542  8 55838.99835328 52.437
 120 295.270536  -3.262221    28.783    28.048  8 55848.91398998 31.336
 121 295.272027  -3.264073    29.165    29.195  8 55858.82962559 20.764
 122 295.269385  -3.262086    25.945    25.929  7 55868.74527339 37.245
 123 295.267747  -3.261493    25.677    25.591  7 55878.66092518 35.847
 133 295.262735  -3.256507    34.321    34.303  8 55977.81735398 31.373
 134 295.267475  -3.261031    34.646    34.660  7 55987.73299199 30.037
 135 295.270683  -3.262678    34.950    34.949  7 55997.64863272 31.926
 136 295.267842  -3.260925    35.714    35.693  8 56007.56428398 34.517
 137 295.264236  -3.258366    35.938    35.910  7 56017.47993075 34.051
 141 295.265079  -3.258664    37.556    37.554  7 56057.14249519 40.054
 142 295.271695  -3.264239    37.719    37.750  8 56067.05812988 42.923
 143 295.268050  -3.261144    38.030    38.042  7 56076.97377707 42.202
 144 295.262934  -3.257374    37.756    37.730  7 56086.88942444 34.117
 145 295.260234  -3.254555    37.626    37.640  8 56096.80506998 37.581
 146 295.261431  -3.256036    37.268    37.247  7 56106.72071483 35.445
 147 295.264027  -3.258064    36.661    36.661  8 56116.63634556 36.779
 148 295.267423  -3.261115    35.809    35.819  7 56126.55198444 32.081
 149 295.269564  -3.262135    34.020    34.373  8 56136.46761888 38.101
 150 295.267284  -3.260923    33.577    33.615  7 56146.38326207 44.940
 151 295.263769  -3.257745    31.752    31.741  8 56156.29891021 51.804
 152 295.262843  -3.256804    29.322    29.336  8 56166.21455797 44.636
 153 295.263924  -3.257744    29.280    29.855  7 56176.13020392 40.351
 154 295.266224  -3.259894    30.875    30.954  8 56186.04584526 26.648
 155 295.267323  -3.260672    26.625    26.440  8 56195.96148251 52.782
 156 295.267943  -3.260820    28.617    28.194  7 56205.87711692 27.556
 157 295.270087  -3.262021    26.244    26.173  8 56215.79275054 43.933
 158 295.272644  -3.264388    26.762    26.814  8 56225.70839091 39.039
 159 295.269962  -3.262440    27.102    27.066  7 56235.62404612 33.270
 160 295.267551  -3.261170    25.912    25.927  7 56245.53969760 40.897
 161 295.264235  -3.257908    25.943    25.962  8 56255.45534350 31.925
 162 295.262024  -3.255851    27.169    27.155  8 56265.37098557 45.687
 165 295.261631  -3.256292    29.774    29.756  8 56295.11792227 36.471
 166 295.261003  -3.256304    31.535    31.564  8 56305.03356844 51.951
 167 295.259049  -3.253988    32.515    32.372  9 56314.94921054 29.762
 168 295.257878  -3.252846    32.897    32.887  8 56324.86485133 30.488
 169 295.259692  -3.255042    33.038    32.920  8 56334.78049252 31.107
 170 295.262977  -3.256659    33.496    33.458  8 56344.69613296 30.471
 171 295.267834  -3.260790    33.848    33.859  7 56354.61177175 28.699
 172 295.267285  -3.261363    34.706    34.672  7 56364.52741707 35.402
 173 295.261699  -3.255693    35.538    35.541  8 56374.44306476 39.937
 175 295.256170  -3.252131    36.351    36.361  9 56394.27435331 38.173
 176 295.258419  -3.253930    36.645    36.607  8 56404.18999550 50.837
 177 295.262779  -3.257345    36.835    36.844  8 56414.10563511 36.431
 178 295.268687  -3.261325    37.077    37.093  7 56424.02127008 36.882
 179 295.267770  -3.261285    37.181    37.232  8 56433.93691477 36.078
 180 295.261347  -3.256425    37.375    37.378  8 56443.85256524 36.512
 181 295.256992  -3.252246    37.295    37.302  8 56453.76821366 35.846
 182 295.256587  -3.252480    37.055    37.089  9 56463.68386079 37.207
 184 295.260322  -3.254698    36.352    36.351  8 56483.51514561 34.773
 185 295.262563  -3.257016    36.217    36.138  8 56493.43078305 47.010
 187 295.271560  -3.264180    34.684    34.662  8 56513.26205188 50.162
 188 295.270674  -3.262627    33.709    33.663  8 56523.17770009 51.003
 189 295.268255  -3.260797    33.063    33.051  7 56533.09335093 43.348
 191 295.263263  -3.257978    31.662    31.255  8 56552.92464198 31.844
 192 295.261014  -3.255256    29.371    29.394  8 56562.84028386 47.776
 194 295.264759  -3.258795    29.828    29.532  8 56582.67156643 32.803
 195 295.270688  -3.262769    28.766    28.779  8 56592.58720325 26.399
 196 295.267595  -3.260462    28.842    28.898  7 56602.50285399 37.683
 197 295.263505  -3.257692    29.202    29.176  8 56612.41850277 40.621
 198 295.261101  -3.255167    30.170    30.064  8 56622.33414716 42.723
 199 295.261284  -3.255776    31.040    31.041  8 56632.24978934 53.091
 200 295.265009  -3.258509    31.179    31.137  8 56642.16542776 55.037
 201 295.264496  -3.258753    31.456    31.460  7 56652.08107695 53.655
 202 295.261689  -3.256138    31.918    31.577  8 56661.99672576 34.642
 203 295.259319  -3.254638    31.512    31.511  8 56671.91237213 33.941
 205 295.258888  -3.253907    33.042    33.051  9 56691.74366103 25.815
 206 295.263090  -3.257584    33.131    33.141  8 56701.65930206 27.016
 207 295.268021  -3.261756    32.899    32.834  7 56711.57493833 25.711
 208 295.264894  -3.258746    33.414    33.380  7 56721.49058287 28.859
 209 295.258301  -3.253465    33.955    34.006  8 56731.40623318 44.398
 211 295.255936  -3.251980    35.081    35.091  8 56751.23752397 56.845
 212 295.260451  -3.254623    35.348    35.334  8 56761.15316305 34.957
 213 295.267972  -3.261207    35.578    35.592  8 56771.06879650 37.089
 214 295.262472  -3.256385    36.131    36.132  8 56780.98444885 47.621
 215 295.256636  -3.252606    36.414    36.394  9 56790.90010213 33.202
 216 295.251514  -3.248478    36.985    36.979  9 56800.81575254 35.272
 217 295.251383  -3.248387    37.231    37.238  9 56810.73139745 35.696
 219 295.258838  -3.254202    37.362    37.334  9 56830.56267594 41.478
 220 295.264369  -3.258732    35.295    35.296  8 56840.47831032 30.908
 221 295.267591  -3.260789    37.010    36.977  7 56850.39394616 37.912
 222 295.262312  -3.256162    36.656    36.640  8 56860.30959882 36.767
 223 295.260064  -3.255242    36.287    36.321  8 56870.22525156 51.841
 224 295.258839  -3.253928    35.524    35.445  9 56880.14090158 54.921
 225 295.257637  -3.253008    34.483    34.481  9 56890.05654810 33.592
 226 295.255492  -3.251753    33.663    33.631  9 56899.97219171 33.511
 227 295.252994  -3.249809    32.412    32.427  8 56909.88783322 30.089
 228 295.253535  -3.249654    31.461    31.479  9 56919.80347401 31.156
 229 295.258414  -3.254093    31.516    31.324  8 56929.71911426 28.895
 230 295.265288  -3.259352    29.074    29.187  8 56939.63475036 42.074
 231 295.269541  -3.262122    28.931    28.879  7 56949.55038840 47.369
 232 295.264268  -3.258429    29.861    29.876  8 56959.46603998 35.256
 233 295.260260  -3.255809    29.895    29.885  8 56969.38168657 41.885
 234 295.259692  -3.254806    30.977    30.263  8 56979.29732970 27.601
 235 295.263237  -3.257761    31.950    32.158  8 56989.21296938 29.873
 236 295.269861  -3.261847    31.339    31.357  8 56999.12860320 51.137
 237 295.267617  -3.260988    31.652    31.636  8 57009.04425425 49.426
 238 295.263230  -3.257852    31.726    31.724  8 57018.95990576 42.861
 239 295.259429  -3.254532    31.811    31.976  8 57028.87555449 32.499
 240 295.257651  -3.252898    32.567    32.591  9 57038.79120235 28.602
 241 295.258554  -3.253683    33.436    33.407  8 57048.70684874 28.421
 242 295.261912  -3.256720    33.956    33.968  8 57058.62249195 30.189
 243 295.265222  -3.259240    34.326    34.368  7 57068.53812933 29.108
 244 295.267800  -3.261513    34.624    34.640  7 57078.45376219 30.555
 245 295.268798  -3.261716    35.088    35.107  8 57088.36939736 31.993
 246 295.261806  -3.256251    35.451    35.441  8 57098.28505397 31.252
 247 295.258436  -3.253027    36.133    36.052  8 57108.20070821 55.739
 248 295.259611  -3.254715    36.121    36.108  8 57118.11635861 34.596
 249 295.259917  -3.254107    36.713    36.639  8 57128.03200235 55.004
 250 295.260260  -3.254284    37.142    37.141  8 57137.94764078 37.527
