#    0.000   0.000   0.000 ;Mean Elev.(m), Avg Gradient(m/km), RMS Gradient(m/km) - SRTM1     
#    0.000   0.000   0.000 ;Mean Elev.(m), Avg Gradient(m/km), RMS Gradient(m/km) - ASTER GDEM
#   20.597  -1.099   5.239 ;Mean Elev.(m), Avg Gradient(m/km), RMS Gradient(m/km) - GMTED2010 
   1 296.893811  -4.081955    29.403    29.319  4 54668.44328599 29.510
   2 296.893156  -4.080773    29.392    29.452  4 54678.35893010 35.164
   3 296.894317  -4.080877    -5.300    -5.303  4 54688.27457276 18.267
   4 296.897199  -4.081807    26.707    26.705  4 54698.19021344 35.538
   6 296.896659  -4.080596    21.843    19.820  4 54718.02150728 31.313
   7 296.893140  -4.079983    12.518    12.852  4 54727.93715625 22.715
   8 296.889579  -4.079863    26.725    28.266  4 54737.85280392 23.721
   9 296.887435  -4.079802    20.409    21.340  5 54747.76845166 25.542
  10 296.886639  -4.079958    17.871    17.024  5 54757.68409915 28.530
  11 296.887789  -4.079217    19.168    19.959  5 54767.59974492 28.710
  12 296.888838  -4.080358    20.849    21.847  4 54777.51538693 22.226
  13 296.889830  -4.080229    22.023    22.290  4 54787.43102659 27.570
  14 296.890474  -4.080580    23.707    23.699  5 54797.34666476 46.790
  17 296.895592  -4.080871    26.199    25.492  4 54827.09358926 29.757
  18 296.892502  -4.080016    27.705    28.475  4 54837.00922830 26.224
  19 296.888341  -4.079988    27.639    28.303  5 54846.92487756 24.403
  20 296.886253  -4.078350    26.363    27.036  5 54856.84052700 29.695
  21 296.885597  -4.077866    28.489    28.560  5 54866.75617644 26.453
  22 296.885980  -4.077384    28.617    28.625  5 54876.67182540 28.298
  23 296.886159  -4.079568    28.858    28.791  5 54886.58747071 27.621
  24 296.885831  -4.078856    29.133    29.040  5 54896.50311295 28.281
  25 296.885011  -4.077591    29.587    29.484  5 54906.41875229 33.263
  26 296.884957  -4.078431    30.304    30.319  5 54916.33438974 32.529
  27 296.886334  -4.080270    30.432    30.415  5 54926.25002682 38.124
  28 296.889742  -4.080918    31.161    31.074  4 54936.16566365 42.370
  29 296.893859  -4.081756    31.249    31.243  4 54946.08129865 32.742
  30 296.898440  -4.081210    31.489    31.508  4 54955.99693145 33.715
  31 296.895911  -4.081336    31.383    31.286  3 54965.91257922 32.327
  32 296.893452  -4.080638    31.589    31.628  4 54975.82822701 29.592
  33 296.891693  -4.081454    31.522    31.563  4 54985.74387456 29.594
  34 296.892174  -4.080455    31.749    31.691  4 54995.65952271 32.089
  35 296.892005  -4.080764    32.055    32.035  4 55005.57516896 32.027
  36 296.890698  -4.081588    31.753    31.748  4 55015.49081258 30.049
  37 296.889650  -4.080815    32.012    32.012  4 55025.40645497 33.045
  38 296.889414  -4.080044    31.873    31.955  5 55035.32209672 48.640
  39 296.890692  -4.081772    31.375    31.392  4 55045.23773730 43.810
  40 296.895109  -4.080762    30.562    30.531  4 55055.15337697 33.346
  41 296.897740  -4.082490    29.960    29.969  4 55065.06901375 41.248
  42 296.895300  -4.081907    29.566    29.724  4 55074.98466115 25.453
  43 296.891167  -4.080881    29.457    29.443  5 55084.90030898 28.277
  44 296.888326  -4.079775    29.241    29.317  4 55094.81595569 26.564
  45 296.887534  -4.079572    26.078    28.600  4 55104.73160234 29.942
  46 296.887869  -4.079885    24.556    24.738  5 55114.64724878 30.936
  47 296.888830  -4.080127    28.785    28.685  5 55124.56289285 23.271
  48 296.889504  -4.080557    24.350    24.382  5 55134.47853397 28.887
  49 296.890009  -4.080265    26.791    28.149  5 55144.39417283 26.708
  50 296.890259  -4.081153    28.460    28.478  4 55154.30981050 18.985
  51 296.891961  -4.081023    20.127    20.119  3 55164.22544876 45.363
  52 296.894362  -4.082535    21.168    21.201  4 55174.14108652 27.395
  53 296.897497  -4.081764    20.090    20.057  4 55184.05672574 32.098
  54 296.894020  -4.082417    28.106    27.968  4 55193.97237658 23.277
  55 296.890380  -4.080413    26.646    26.673  4 55203.88802688 26.546
  56 296.887794  -4.079239    29.040    29.028  5 55213.80367663 23.002
  57 296.886870  -4.078765    28.363    28.372  5 55223.71932595 23.733
  58 296.886972  -4.078559    28.255    28.416  5 55233.63497372 23.103
  59 296.887248  -4.080374    27.496    27.346  5 55243.55061771 22.503
  60 296.886892  -4.079467    30.628    29.127  5 55253.46625880 24.219
  61 296.885430  -4.079576    27.235    27.240  5 55263.38189718 32.952
  62 296.885846  -4.079595    27.249    27.293  5 55273.29753451 39.310
  63 296.888656  -4.079886    27.849    27.660  4 55283.21317160 30.193
  64 296.892203  -4.082096    27.893    27.893  4 55293.12880703 40.337
  66 296.894323  -4.080113    28.967    28.902  4 55312.96009068 29.430
  67 296.891953  -4.081345    29.426    29.476  4 55322.87573553 27.358
  68 296.891035  -4.080417    29.277    29.263  4 55332.79137992 33.162
  69 296.890296  -4.081353    30.050    30.104  4 55342.70702388 28.966
  70 296.890781  -4.081697    30.246    30.238  4 55352.62266777 28.621
  71 296.892146  -4.080821    29.960    29.979  4 55362.53830970 34.328
  72 296.892677  -4.081139    30.239    30.224  4 55372.45394914 28.975
  74 296.894645  -4.082308    29.595    29.600  4 55392.28522395 24.563
  75 296.898290  -4.081097    28.441    28.359  4 55402.20086004 42.834
  76 296.897067  -4.081391    27.521    27.447  3 55412.11651026 31.616
  77 296.895278  -4.080719    26.604    25.721  4 55422.03215934 30.056
  78 296.892694  -4.080891    28.740    28.832  4 55431.94780564 25.128
  79 296.889918  -4.080355    28.832    28.856  4 55441.86345032 20.576
  80 296.888477  -4.080440    28.798    28.344  5 55451.77909375 22.293
  81 296.889314  -4.080545    17.955    17.950  4 55461.69473671 26.759
  82 296.891659  -4.080021    21.019    18.525  4 55471.61037844 20.078
  83 296.893212  -4.081437    16.643    16.631  4 55481.52601673 26.806
  84 296.894494  -4.081766    16.102    16.088  4 55491.44165272 23.691
  85 296.896603  -4.080804    16.990    17.020  4 55501.35728689 21.998
  86 296.895664  -4.081014    17.060    17.019  4 55511.27293035 34.225
  87 296.893411  -4.082006    17.687    18.314  4 55521.18857942 29.748
  88 296.892114  -4.082097    20.344    20.330  4 55531.10422761 35.948
  89 296.891704  -4.080189    20.696    20.662  4 55541.01987484 29.631
  90 296.890171  -4.081431    21.260    21.233  4 55550.93551941 19.546
  91 296.889442  -4.079611    18.952    19.240  4 55560.85116336 27.013
  92 296.889362  -4.080082    21.177    21.191  5 55570.76680625 26.301
  93 296.890496  -4.080443    21.778    21.796  4 55580.68244823 28.194
  94 296.892199  -4.081132    22.866    21.588  4 55590.59808719 22.119
  95 296.894499  -4.081415    19.986    19.933  3 55600.51372293 27.027
  96 296.896170  -4.081936    24.673    24.695  4 55610.42935605 37.388
  97 296.898611  -4.080744    25.218    25.230  4 55620.34498801 34.571
  98 296.895197  -4.081327    25.996    25.915  4 55630.26063869 34.140
  99 296.893969  -4.081281    26.254    26.139  4 55640.17628897 41.518
 100 296.894087  -4.080083    26.518    26.531  4 55650.09193713 40.802
 101 296.893213  -4.080068    27.306    27.310  4 55660.00758163 41.076
 102 296.891677  -4.080844    26.768    26.945  4 55669.92322258 32.501
 103 296.891900  -4.079912    28.981    28.998  4 55679.83886231 25.061
 104 296.893242  -4.082077    29.143    29.165  4 55689.75449976 25.507
 105 296.896782  -4.080847    29.841    29.804  4 55699.67013651 25.854
 106 296.898249  -4.082295    30.301    30.270  4 55709.58577502 29.631
 107 296.895623  -4.081440    30.528    30.441  4 55719.50142528 31.709
 108 296.892884  -4.081145    30.806    30.790  3 55729.41707290 35.332
 109 296.891262  -4.082045    31.037    31.093  4 55739.33271878 29.669
 110 296.891892  -4.079805    30.941    30.889  4 55749.24836419 35.242
 111 296.892498  -4.080783    30.799    30.761  4 55759.16400658 34.718
 112 296.893382  -4.082106    30.300    30.280  4 55769.07964619 27.843
 113 296.894944  -4.080997    29.750    29.694  4 55778.99528331 28.390
 114 296.896072  -4.081732    28.691    28.738  4 55788.91091775 29.981
 115 296.898395  -4.081319    28.241    28.989  3 55798.82655160 28.037
 116 296.897653  -4.080727    27.600    29.096  4 55808.74219776 27.044
 117 296.896587  -4.081554    17.256    17.109  3 55818.65784694 31.240
 118 296.897038  -4.081477    22.008    19.095  3 55828.57349224 26.073
 119 296.897154  -4.081608    18.508    18.555  4 55838.48913295 28.043
 120 296.896825  -4.081404    20.748    20.668  4 55848.40477043 29.976
 121 296.897757  -4.081745    21.772    21.756  3 55858.32040552 39.059
 122 296.896773  -4.081340    24.790    24.547  4 55868.23605230 22.764
 123 296.895665  -4.081278    19.989    20.003  4 55878.15170375 35.699
 133 296.891580  -4.081030    29.183    29.093  4 55977.30813515 46.045
 134 296.894951  -4.081435    29.510    29.486  4 55987.22377110 41.011
 135 296.898515  -4.080986    29.587    29.574  4 55997.13940960 27.665
 136 296.896717  -4.080597    29.981    29.985  4 56007.05506052 33.281
 137 296.893674  -4.081736    30.471    30.449  4 56016.97070702 29.286
 139 296.889623  -4.080655    31.088    31.132  5 56036.80199409 33.055
 141 296.894432  -4.081470    31.819    31.834  4 56056.63327338 30.673
 142 296.898723  -4.081402    31.934    31.975  4 56066.54890752 32.584
 143 296.896032  -4.082232    32.056    32.026  4 56076.46455466 30.528
 144 296.892775  -4.080751    32.059    32.058  4 56086.38020334 30.189
 145 296.891021  -4.081431    32.445    32.505  4 56096.29584910 41.466
 146 296.891908  -4.081378    32.173    32.156  4 56106.21149310 43.425
 147 296.894079  -4.080510    31.731    31.759  4 56116.12712296 44.887
 148 296.895979  -4.081430    30.886    30.897  4 56126.04276038 31.610
 149 296.897555  -4.082047    30.536    30.547  4 56135.95839410 29.013
 150 296.896008  -4.082073    29.385    29.366  4 56145.87403688 28.394
 151 296.893967  -4.080492    29.908    29.860  4 56155.78968702 26.148
 152 296.893182  -4.080098    29.798    29.800  4 56165.70533616 25.985
 153 296.892777  -4.082216    26.408    28.753  4 56175.62098256 28.596
 154 296.894286  -4.081275    29.360    29.350  4 56185.53662465 22.408
 155 296.894371  -4.082327    17.299    17.359  4 56195.45226224 29.306
 156 296.895116  -4.081389    28.215    28.185  3 56205.36789711 24.135
 157 296.897037  -4.081536    28.317    28.497  4 56215.28353015 21.670
 158 296.899573  -4.081638    21.019    20.904  4 56225.19916821 47.030
 159 296.897713  -4.082153    21.233    21.308  4 56235.11482328 39.286
 160 296.896316  -4.081007    20.807    20.843  4 56245.03047495 35.425
 161 296.893698  -4.082005    18.352    18.717  4 56254.94612128 28.651
 162 296.892027  -4.082198    16.646    16.760  4 56264.86176406 29.439
 165 296.891227  -4.080495    29.535    27.896  4 56294.60870296 20.072
 166 296.890337  -4.079567    23.500    24.169  4 56304.52435023 27.885
 167 296.888746  -4.080199    26.100    26.352  4 56314.43999306 24.711
 168 296.888392  -4.079843    27.017    26.919  5 56324.35563384 29.235
 169 296.889650  -4.080417    27.944    27.968  5 56334.27127362 23.460
 170 296.892171  -4.081774    28.223    28.244  4 56344.18691256 47.423
 171 296.896196  -4.080656    28.469    28.473  4 56354.10254985 35.729
 172 296.895607  -4.081756    28.576    28.590  4 56364.01819315 33.060
 173 296.892327  -4.081447    29.455    29.414  4 56373.93384181 23.859
 175 296.888768  -4.079287    30.557    30.496  5 56393.76513248 31.540
 176 296.889823  -4.080583    30.861    30.898  5 56403.68077475 30.355
 177 296.892194  -4.082104    31.207    31.201  4 56413.59641412 29.378
 178 296.896377  -4.082057    31.542    31.509  4 56423.51204885 31.162
 179 296.895895  -4.081525    31.781    31.757  4 56433.42769278 31.490
 180 296.891492  -4.080799    32.206    32.214  4 56443.34334437 34.965
 181 296.889135  -4.079912    32.257    32.244  5 56453.25899350 50.652
 182 296.888851  -4.080010    32.047    32.027  4 56463.17463997 40.713
 184 296.891008  -4.081802    31.343    31.334  4 56483.00592291 33.112
 185 296.892890  -4.080251    30.917    30.907  4 56492.92156012 32.301
 187 296.898636  -4.081827    29.863    29.860  4 56512.75282817 28.333
 188 296.898356  -4.081819    29.442    29.407  3 56522.66847670 25.365
 189 296.895994  -4.082033    29.516    29.644  4 56532.58412915 24.216
 191 296.891919  -4.080859    27.034    26.422  4 56552.41542270 31.995
 192 296.890682  -4.081056    25.041    24.983  4 56562.33106506 39.619
 193 296.891562  -4.080104    29.178    29.310  4 56572.24670653 24.284
 194 296.893930  -4.080502    22.859    22.816  4 56582.16234605 41.462
 195 296.898163  -4.081774    27.057    28.357  4 56592.07798126 26.455
 196 296.896419  -4.081614    23.304    23.208  3 56601.99363128 27.579
 197 296.893362  -4.081024    28.724    28.721  4 56611.90928098 20.917
 198 296.891237  -4.082034    28.798    28.368  4 56621.82492622 23.299
 199 296.891001  -4.081802    23.429    23.570  4 56631.74056906 21.392
 200 296.893803  -4.080417    28.152    28.069  4 56641.65620829 23.628
 201 296.892662  -4.081517    36.833    36.792  4 56651.57185721 17.568
 202 296.890552  -4.080721    29.096    28.638  5 56661.48750767 19.169
 203 296.888975  -4.079514    27.469    27.621  5 56671.40315482 26.335
 205 296.889375  -4.080435    27.297    27.395  4 56691.23444231 42.212
 206 296.892548  -4.080544    27.753    27.692  4 56701.15008167 50.442
 207 296.895782  -4.081447    27.910    27.757  3 56711.06571607 29.240
 208 296.894139  -4.081855    26.450    26.459  4 56720.98135954 31.112
 209 296.890235  -4.080005    28.535    28.451  5 56730.89701147 26.183
 211 296.888505  -4.079497    29.457    29.447  5 56750.72830386 28.698
 212 296.890943  -4.081832    29.834    29.861  4 56760.64394266 25.240
 213 296.895648  -4.082136    30.210    30.234  4 56770.55957542 25.516
 214 296.892223  -4.081934    30.563    30.517  4 56780.47522800 27.865
 215 296.888285  -4.080262    31.074    30.988  5 56790.39088269 34.166
 216 296.885420  -4.078332    31.379    31.384  5 56800.30653415 33.201
 217 296.885525  -4.077956    31.597    31.666  5 56810.22217874 32.754
 219 296.890204  -4.080742    32.047    32.024  4 56830.05345386 33.875
 220 296.893590  -4.082018    31.656    31.603  4 56839.96908655 33.673
 221 296.896602  -4.081336    31.640    31.577  3 56849.88472107 29.160
 222 296.892897  -4.081360    31.532    31.511  4 56859.80037538 28.115
 223 296.890942  -4.081317    31.074    31.010  4 56869.71602914 30.317
 224 296.890204  -4.080497    30.563    30.564  5 56879.63168068 29.473
 225 296.889147  -4.079687    29.698    29.703  4 56889.54732862 30.180
 226 296.887030  -4.079851    29.619    29.616  5 56899.46297328 25.367
 227 296.885888  -4.078094    29.088    29.062  5 56909.37861596 27.432
 228 296.886746  -4.078054    28.295    29.118  5 56919.29425654 30.455
 229 296.889697  -4.079868    24.835    24.948  4 56929.20989482 30.994
 230 296.894593  -4.080617    29.459    29.488  4 56939.12552906 21.386
 231 296.898027  -4.081519    22.512    22.851  4 56949.04116450 27.170
 232 296.893775  -4.082213    24.680    23.404  4 56958.95681678 27.194
 233 296.891163  -4.080478    28.401    28.286  4 56968.87246477 24.106
 234 296.890679  -4.080351    27.324    28.172  4 56978.78810896 23.887
 235 296.892015  -4.082325    24.262    24.148  4 56988.70374851 24.847
 236 296.896940  -4.081478    28.452    28.687  4 56998.61938273 24.664
 237 296.895066  -4.081563    29.538    29.582  4 57008.53503343 19.301
 238 296.891748  -4.080658    28.140    28.483  4 57018.45068660 21.342
 239 296.889310  -4.080015    28.744    28.801  4 57028.36633629 20.423
 240 296.888396  -4.080127    27.306    27.340  5 57038.28198401 50.427
 241 296.889542  -4.080091    27.864    27.834  4 57048.19762939 29.981
 242 296.891685  -4.081483    28.390    28.337  4 57058.11327077 37.733
 243 296.894142  -4.081722    28.619    28.628  4 57068.02890687 30.760
 244 296.896047  -4.081501    28.786    28.784  3 57077.94453897 27.374
 245 296.897439  -4.081783    29.124    29.115  4 57087.86017273 27.077
 246 296.893084  -4.080046    29.659    29.677  4 57097.77583164 26.309
 247 296.890316  -4.081047    30.221    30.248  4 57107.69148720 27.287
 248 296.890798  -4.080144    30.498    30.561  4 57117.60713834 30.996
 249 296.890724  -4.080730    30.817    30.809  4 57127.52278277 29.992
 250 296.890860  -4.080396    31.126    31.056  4 57137.43842166 32.106
