#    0.000   0.000   0.000 ;Mean Elev.(m), Avg Gradient(m/km), RMS Gradient(m/km) - SRTM1     
#    0.000   0.000   0.000 ;Mean Elev.(m), Avg Gradient(m/km), RMS Gradient(m/km) - ASTER GDEM
#   64.228  -1.051   3.714 ;Mean Elev.(m), Avg Gradient(m/km), RMS Gradient(m/km) - GMTED2010 
   1 289.886619  -4.065096    64.872    64.802  3 54663.01892602 48.355
   2 289.884462  -4.064870    64.190    64.224  3 54672.93457028 31.212
   3 289.883200  -4.064789    14.834    14.834  2 54682.85021346 13.596
   4 289.884874  -4.065376    62.385    62.373  3 54692.76585602 47.419
   5 289.888698  -4.066031    13.527    13.527  2 54702.68149652 13.569
   6 289.888614  -4.065602    60.080    60.080  2 54712.59714546 47.177
   7 289.885925  -4.065233    14.113    14.083  3 54722.51279635  4.335
   8 289.881471  -4.065046    63.037    63.017  3 54732.42844446 50.633
   9 289.877228  -4.063541   124.363   123.520  3 54742.34409055 24.940
  10 289.876341  -4.064091    61.385    61.537  3 54752.25973694 36.605
  11 289.876987  -4.063505    62.972    62.976  3 54762.17538286 44.536
  12 289.879236  -4.064824    63.378    63.346  3 54772.09102685 52.893
  13 289.880609  -4.064489   126.092   125.507  3 54782.00666752 17.803
  14 289.881692  -4.064069    64.353    64.370  3 54791.92230589 41.216
  17 289.886701  -4.065145    64.814    64.798  3 54821.66922403 38.378
  18 289.884136  -4.064062    63.787    63.736  3 54831.58487638 42.805
  19 289.880907  -4.064018    64.376    64.391  3 54841.50051538 47.422
  20 289.876988  -4.063340    67.385    67.400  3 54851.41616424 38.692
  21 289.874996  -4.064786    68.304    68.302  3 54861.33181310 46.340
  22 289.873637  -4.063567    68.962    68.962  2 54871.24746126 54.261
  23 289.874718  -4.063974    69.216    69.217  3 54881.16310828 49.633
  24 289.876185  -4.063344    69.707    69.705  3 54891.07875179 50.568
  25 289.876317  -4.063433    70.016    69.992  3 54900.99439242 53.760
  26 289.875736  -4.064728    70.116    70.113  3 54910.91003161 52.027
  27 289.875462  -4.064751    70.095    70.086  3 54920.82566961 54.476
  28 289.877283  -4.063702    70.121    70.120  3 54930.74130726 51.450
  29 289.881563  -4.063535    70.136    70.134  3 54940.65694407 51.066
  30 289.886562  -4.065132    70.413    70.407  3 54950.57257965 49.395
  31 289.887428  -4.064738    70.746    70.675  3 54960.48821988 45.806
  32 289.885138  -4.065667    70.721    70.743  3 54970.40386852 38.711
  33 289.882749  -4.063770    70.487    70.552  3 54980.31951506 47.872
  34 289.881866  -4.063806    70.095    70.048  3 54990.23516168 53.975
  35 289.881403  -4.064414    69.737    69.741  3 55000.15080822 52.483
  36 289.880939  -4.064824    68.796    68.714  3 55010.06645293 37.200
  37 289.880598  -4.064363    67.917    67.896  3 55019.98209592 43.830
  38 289.880493  -4.065038    67.498    67.560  3 55029.89773816 38.815
  39 289.880663  -4.065501    66.506    66.605  3 55039.81337995 30.711
  40 289.882471  -4.064807    65.010    65.020  3 55049.72902055 42.689
  41 289.885262  -4.064038    63.578    63.590  3 55059.64465919 36.308
  42 289.886600  -4.063839    62.823    62.825  3 55069.56029970 49.551
  43 289.884390  -4.065582    63.363    63.385  3 55079.47594960 48.672
  44 289.880271  -4.064332    61.790    61.814  3 55089.39159650 45.145
  45 289.877244  -4.063477    61.225    61.206  3 55099.30724211 46.648
  46 289.877157  -4.064569    62.140    62.135  3 55109.22288771 46.925
  47 289.878563  -4.064214    62.837    62.891  3 55119.13853179 51.288
  48 289.880693  -4.065313    62.801    62.744  3 55129.05417380 51.494
  49 289.881157  -4.064847    63.528    63.517  3 55138.96981342 47.398
  50 289.881472  -4.065014    61.590    61.581  3 55148.88545212 48.126
  51 289.882449  -4.063965    62.676    62.679  3 55158.80109058 44.799
  52 289.885078  -4.065167    65.211    64.878  3 55168.71672955 30.627
  53 289.887319  -4.064969    66.537    66.570  3 55178.63236741 28.207
  54 289.886093  -4.064891    67.878    67.878  2 55188.54801340 34.737
  55 289.881988  -4.064602    68.286    68.286  2 55198.46366420 41.355
  56 289.878723  -4.064604    67.632    67.623  3 55208.37931397 49.065
  57 289.877423  -4.064783    65.788    65.766  3 55218.29496320 44.041
  58 289.877095  -4.065177    65.687    65.664  3 55228.21061158 52.404
  59 289.877266  -4.064925    66.882    66.889  3 55238.12625683 50.362
  60 289.877693  -4.065203    67.263    67.306  3 55248.04189859 29.822
  61 289.876788  -4.064279    67.192    67.192  2 55257.95753774 53.885
  62 289.876869  -4.065179    67.287    67.286  3 55267.87317677 52.562
  63 289.877059  -4.063347    67.696    67.832  3 55277.78881507 40.577
  64 289.880226  -4.064267    68.041    67.939  3 55287.70445309 41.404
  65 289.884682  -4.064816    68.397    68.328  3 55297.62008882 32.602
  66 289.885876  -4.066048    68.568    68.534  3 55307.53573150 30.350
  67 289.882946  -4.064762    68.778    68.786  3 55317.45137768 36.277
  68 289.880582  -4.064154    68.737    68.642  3 55327.36702257 37.173
  69 289.880135  -4.064189    68.688    68.687  3 55337.28266661 32.844
  70 289.881412  -4.065403    68.300    68.325  3 55347.19831043 49.731
  71 289.881925  -4.064275    67.767    67.712  3 55357.11395210 51.700
  72 289.882080  -4.064181    66.927    66.958  3 55367.02959192 49.461
  73 289.882895  -4.065456    64.442    64.433  3 55376.94523072 40.126
  74 289.884068  -4.064907    65.138    65.294  3 55386.86086854 22.441
  75 289.886480  -4.064879    63.191    63.191  2 55396.77650590 36.160
  76 289.888798  -4.065714    63.501    63.501  2 55406.69214870 42.354
  77 289.886030  -4.063992    62.328    62.356  3 55416.60779945 47.169
  78 289.883716  -4.065569    61.122    61.057  3 55426.52344762 49.426
  79 289.880605  -4.064172    59.203    59.194  3 55436.43909221 46.791
  80 289.878742  -4.063706    58.522    58.412  3 55446.35473556 45.286
  81 289.878860  -4.064419    59.629    59.629  2 55456.27037854 46.670
  82 289.880221  -4.064036    59.391    59.378  3 55466.18602063 46.274
  83 289.883628  -4.065646    58.243    58.301  3 55476.10166020 45.177
  84 289.885732  -4.064323    58.255    58.179  3 55486.01729594 52.793
  85 289.887595  -4.065662    59.073    59.113  3 55495.93293026 43.241
  86 289.888572  -4.066071    65.124    65.161  3 55505.84856531 23.404
  87 289.885175  -4.064351    61.232    61.257  3 55515.76421559 43.051
  88 289.884710  -4.065819    62.555    62.559  3 55525.67986603 42.082
  89 289.882923  -4.063962    62.556    62.519  3 55535.59551371 44.880
  90 289.881438  -4.064956    63.859    63.823  3 55545.51115992 37.517
  91 289.879171  -4.064772    62.766    62.789  3 55555.42680380 46.381
  92 289.878473  -4.065560    63.994    63.951  3 55565.34244686 48.365
  93 289.879454  -4.063607    64.506    64.572  3 55575.25808868 52.384
  94 289.882304  -4.063892    64.675    64.195  3 55585.17372934 28.191
  95 289.885275  -4.064488    63.224    63.221  3 55595.08936671 33.791
  96 289.887170  -4.065117    65.099    65.029  3 55605.00500073 50.505
  97 289.889094  -4.066769    65.644    65.644  2 55614.92063315 31.475
  98 289.888585  -4.065695    66.057    66.057  2 55624.83627291 44.074
  99 289.885461  -4.064482    67.221    67.201  3 55634.75192527 44.124
 100 289.884655  -4.065509    67.868    67.874  3 55644.66757616 34.385
 101 289.883313  -4.063720    68.542    68.588  3 55654.58322363 30.972
 102 289.882858  -4.064469    69.376    69.378  3 55664.49886709 50.342
 103 289.881528  -4.063630    70.066    70.068  3 55674.41450688 55.336
 104 289.882181  -4.065679    70.317    70.312  3 55684.33014549 38.288
 105 289.883722  -4.063822    70.793    70.792  3 55694.24578193 52.230
 106 289.888849  -4.066985    70.379    70.379  2 55704.16141821 39.013
 107 289.888932  -4.066091    69.735    69.735  2 55714.07706348 37.296
 108 289.885514  -4.064435    69.243    69.251  3 55723.99271139 50.215
 109 289.882161  -4.063592    67.809    67.843  3 55733.90835771 41.658
 110 289.880584  -4.064038    66.503    66.511  3 55743.82400340 44.521
 111 289.881235  -4.065547    66.499    66.379  3 55753.73964828 30.296
 112 289.882965  -4.064320    66.430    66.437  3 55763.65529049 43.052
 113 289.885356  -4.065290    65.026    65.069  3 55773.57093045 46.843
 114 289.885906  -4.064599    63.086    63.082  3 55783.48656647 50.593
 115 289.886890  -4.064650    61.524    61.522  3 55793.40219993 47.382
 116 289.889309  -4.066586    59.664    59.664  2 55803.31783577 48.223
 117 289.887745  -4.065706    61.426    59.420  3 55813.23348475 35.477
 118 289.887713  -4.065193    59.624    59.624  2 55823.14913202 43.921
 119 289.889189  -4.066895    66.754    66.754  2 55833.06477512 24.134
 123 289.886047  -4.064183    65.920    65.198  3 55872.72733872 21.880
 133 289.882372  -4.065519    69.494    69.491  3 55971.88377828 46.940
 134 289.883882  -4.064852    69.822    69.822  3 55981.79941482 46.225
 135 289.888370  -4.066106    69.685    69.685  2 55991.71505072 35.927
 136 289.888340  -4.066079    70.078    70.066  3 56001.63069805 43.845
 137 289.885631  -4.065485    70.622    70.604  3 56011.54634832 47.650
 138 289.882327  -4.063679    71.176    71.148  3 56021.46199441 41.821
 139 289.880721  -4.065299    71.275    71.272  3 56031.37763807 53.629
 141 289.882327  -4.065440    71.255    71.256  3 56051.20891804 54.711
 142 289.885668  -4.064876    70.827    70.822  3 56061.12455404 35.154
 144 289.885589  -4.064752    70.050    70.030  3 56080.95584161 41.021
 145 289.882470  -4.064103    69.038    69.038  3 56090.87148898 36.112
 146 289.881421  -4.064556    67.251    67.251  2 56100.78713454 32.355
 147 289.881661  -4.064067    64.788    64.778  3 56110.70276604 43.603
 148 289.883807  -4.064043    65.082    65.063  3 56120.61840616 44.089
 149 289.887146  -4.065091    64.451    64.466  3 56130.53404294 44.656
 150 289.890035  -4.067239    63.483    63.483  2 56140.44967731 34.024
 151 289.885103  -4.064791    61.962    61.962  3 56150.36532709 52.153
 152 289.882941  -4.064240    60.270    60.180  3 56160.28097541 52.423
 153 289.882997  -4.064140    60.303    60.249  3 56170.19662236 51.700
 154 289.884138  -4.063918    61.953    61.960  3 56180.11226556 52.377
 155 289.885577  -4.065212    60.333    60.242  3 56190.02790507 43.244
 156 289.886015  -4.064881    60.097    59.958  3 56199.94354137 42.374
 157 289.887731  -4.065037    65.008    65.008  2 56209.85917571 25.718
 160 289.886666  -4.064280    61.986    61.995  3 56239.60611127 36.561
 161 289.884692  -4.065561    61.859    61.863  3 56249.52176139 46.902
 162 289.883651  -4.065883    63.509    63.517  3 56259.43740646 47.435
 163 289.883274  -4.065392    64.139    64.140  3 56269.35304845 45.639
 164 289.883784  -4.064919    64.592    64.681  3 56279.26868861 51.091
 165 289.881622  -4.063636    66.098    66.098  3 56289.18433839 47.825
 166 289.880806  -4.064017    67.648    67.624  3 56299.09998669 44.802
 167 289.880902  -4.065717    68.467    68.479  3 56309.01563137 26.006
 168 289.879861  -4.063920    68.921    68.902  3 56318.93127305 35.247
 169 289.879527  -4.063366    69.031    69.001  3 56328.84691429 48.462
 170 289.881148  -4.063660    68.850    68.800  3 56338.76255517 32.582
 171 289.884455  -4.063945    69.295    69.264  3 56348.67819428 43.170
 172 289.888345  -4.065335    69.346    69.346  2 56358.59383073 30.878
 173 289.884663  -4.065936    70.298    70.312  3 56368.50948158 46.591
 175 289.878164  -4.064735    70.501    70.445  3 56388.34077438 54.764
 176 289.878821  -4.064184    70.517    70.517  3 56398.25641744 54.995
 177 289.880965  -4.063504    70.452    70.499  3 56408.17205800 39.781
 178 289.884300  -4.064056    70.506    70.500  3 56418.08769473 52.915
 179 289.889058  -4.066647    69.770    69.770  2 56428.00332737 36.238
 180 289.883421  -4.064019    68.697    68.716  3 56437.91897984 39.353
 181 289.880414  -4.065072    68.251    68.306  3 56447.83463101 31.757
 182 289.878854  -4.063807    67.833    67.820  3 56457.75027982 43.951
 183 289.879009  -4.064390    67.835    67.832  3 56467.66592604 46.506
 184 289.880171  -4.065379    67.006    67.127  3 56477.58156834 42.000
 185 289.881231  -4.064182    66.165    66.169  3 56487.49720641 47.168
 187 289.886781  -4.065535    64.812    64.814  3 56507.32847638 49.966
 189 289.888650  -4.065973    64.338    64.338  2 56527.15976637 53.351
 190 289.887019  -4.065585    63.823    63.844  3 56537.07541566 52.376
 192 289.881462  -4.063732    61.833    61.848  3 56556.90670378 43.423
 193 289.881028  -4.064218    64.066    64.838  3 56566.82234647 32.156
 194 289.883093  -4.065466    62.008    62.002  3 56576.73798847 37.519
 195 289.887010  -4.066011    64.179    63.633  3 56586.65362727 33.062
 196 289.889800  -4.067073    65.369    65.369  2 56596.56926763 27.899
 197 289.884733  -4.064384    63.982    63.985  3 56606.48491913 45.221
 198 289.881466  -4.063674    64.132    64.122  3 56616.40056613 48.503
 199 289.881739  -4.065772    65.632    65.552  3 56626.31621031 38.511
 200 289.882942  -4.064724    65.440    65.444  3 56636.23185098 55.334
 201 289.885500  -4.063920    66.215    66.154  3 56646.14749089 52.969
 202 289.883161  -4.064419    66.004    66.008  3 56656.06314295 53.294
 203 289.880891  -4.064192    65.610    65.598  3 56665.97879061 47.417
 205 289.879334  -4.064753    68.123    68.160  3 56685.81008096 32.618
 206 289.880825  -4.064460    67.587    67.595  3 56695.72572399 35.337
 207 289.884179  -4.063843    67.831    67.679  3 56705.64136262 35.356
 208 289.888550  -4.065312    67.485    67.485  2 56715.55699624 27.124
 209 289.883026  -4.065427    68.351    68.348  3 56725.47264958 46.125
 211 289.876360  -4.065091    69.481    69.395  3 56745.30394496 54.288
 212 289.878497  -4.064195    69.831    69.835  3 56755.21958667 53.083
 213 289.884050  -4.065167    70.085    69.980  3 56765.13522334 54.779
 214 289.886776  -4.064991    70.336    70.336  2 56775.05086115 48.866
 215 289.881519  -4.065743    70.246    70.243  3 56784.96651725 52.352
 216 289.875876  -4.064324    70.248    70.251  3 56794.88216947 50.840
 217 289.872819  -4.063186    70.021    70.028  3 56804.79781839 41.080
 219 289.878693  -4.065199    69.197    69.158  3 56824.62910105 32.615
 220 289.881687  -4.064056    68.180    68.155  3 56834.54473632 36.726
 221 289.885578  -4.065235    67.551    67.538  3 56844.46036862 47.362
 222 289.884410  -4.064203    66.383    66.315  3 56854.37601243 53.108
 223 289.881699  -4.064643    64.774    64.755  3 56864.29166553 39.731
 224 289.880428  -4.065431    65.693    65.953  3 56874.20731804 29.816
 225 289.879595  -4.065102    63.284    63.287  3 56884.12296717 51.115
 226 289.878744  -4.064265    64.188    63.543  3 56894.03861301 45.184
 227 289.877172  -4.063907    63.458    62.326  3 56903.95425577 47.124
 228 289.876111  -4.065371    61.593    61.677  3 56913.86989724 40.499
 229 289.876279  -4.063335    62.546    62.575  3 56923.78553668 44.247
 230 289.880802  -4.065175    62.872    63.012  3 56933.70117496 47.874
 231 289.886703  -4.064628    62.679    62.618  3 56943.61680771 34.934
 232 289.887252  -4.065659    64.329    64.402  3 56953.53245512 36.593
 233 289.882924  -4.063869    63.244    63.278  3 56963.44810505 53.289
 234 289.880329  -4.064610    64.083    64.083  2 56973.36375058 48.606
 235 289.880820  -4.065523    64.928    64.922  3 56983.27939195 51.777
 236 289.884236  -4.064484    65.192    65.153  3 56993.19502827 43.607
 238 289.885372  -4.064705    67.497    67.448  3 57013.02632088 42.797
 239 289.882064  -4.064599    67.632    67.632  2 57022.94197180 27.119
 240 289.879629  -4.064252    68.321    68.246  3 57032.85762045 44.748
 241 289.879279  -4.064466    68.478    68.478  2 57042.77326739 37.607
 242 289.880370  -4.064548    69.130    69.130  2 57052.68891227 44.139
 243 289.882301  -4.063538    69.758    69.794  3 57062.60455260 46.853
 244 289.884832  -4.063749    69.913    69.918  3 57072.52018794 45.500
 245 289.888055  -4.065500    70.044    70.044  2 57082.43581951 47.133
 246 289.885621  -4.065313    70.094    70.099  3 57092.35146574 49.303
 247 289.880592  -4.064204    70.187    70.189  3 57102.26712208 46.740
 248 289.879178  -4.064329    70.601    70.585  3 57112.18277527 50.574
 249 289.880120  -4.064043    70.761    70.767  3 57122.09842262 53.193
 250 289.881054  -4.064220    71.274    71.279  3 57132.01406449 53.928
