#    0.000   0.000   0.000 ;Mean Elev.(m), Avg Gradient(m/km), RMS Gradient(m/km) - SRTM1     
#    0.000   0.000   0.000 ;Mean Elev.(m), Avg Gradient(m/km), RMS Gradient(m/km) - ASTER GDEM
#    0.025   0.167   4.148 ;Mean Elev.(m), Avg Gradient(m/km), RMS Gradient(m/km) - GMTED2010 
   1 308.665054  -1.088200     2.508     2.444  4 54663.95513497 31.272
   2 308.657900  -1.073111     1.532     1.571 17 54673.87077565 34.550
   3 308.657269  -1.074069   -74.025   -74.009 17 54683.78641900 10.812
   4 308.658202  -1.072417     1.152     1.244 17 54693.70206085 32.039
   7 308.658798  -1.073256   -53.311   -51.202 17 54723.44900205 12.382
   8 308.655490  -1.076023     0.872     0.711 17 54733.36465076 31.521
   9 308.652836  -1.078722     0.857     0.955 16 54743.28029785 33.370
  10 308.652557  -1.080939     1.076     1.138 15 54753.19594454 28.887
  11 308.653288  -1.080049     1.182     1.222 16 54763.11159012 30.108
  12 308.654211  -1.077492     1.966     1.982 16 54773.02723282 32.345
  13 308.655258  -1.076651     1.646     1.834 16 54782.94287317 31.541
  14 308.656330  -1.076442     1.251     1.428 17 54792.85851160 31.696
  17 308.662145  -1.079597     0.707     0.791 11 54822.60543153 25.495
  18 308.657485  -1.073678     2.415     2.394 17 54832.52107094 37.783
  19 308.655157  -1.076553     2.256     2.262 16 54842.43672206 33.466
  20 308.653144  -1.079979     1.886     1.912 15 54852.35237190 28.829
  21 308.651476  -1.081095     1.471     1.348 16 54862.26802073 30.071
  22 308.650986  -1.081790     1.361     1.452 15 54872.18366929 29.847
  23 308.651842  -1.082056     1.360     1.355 16 54882.09931590 29.519
  24 308.652236  -1.079753     2.686     2.785 16 54892.01495856 33.271
  25 308.652792  -1.081520     2.723     2.774 16 54901.93059930 30.426
  26 308.651767  -1.080613     2.368     2.445 16 54911.84623800 31.063
  27 308.652139  -1.081607     2.194     2.218 15 54921.76187640 30.113
  28 308.653217  -1.078188     2.233     2.284 16 54931.67751348 30.226
  29 308.656574  -1.075521     1.958     1.916 17 54941.59314942 26.240
  30 308.662931  -1.081106     2.700     2.703  9 54951.50878556 19.841
  31 308.664286  -1.084177     2.714     2.803  8 54961.42442804 21.257
  32 308.657575  -1.072783     2.705     2.695 17 54971.34007376 32.057
  33 308.656895  -1.074993     2.816     2.799 16 54981.25572133 35.053
  34 308.656640  -1.075660   -37.128   -37.960 16 54991.17136814 17.704
  35 308.656304  -1.076605     1.931     1.819 17 55001.08701452 30.601
  36 308.655755  -1.077394     2.327     2.392 16 55011.00265907 29.701
  37 308.655248  -1.077012     2.756     2.701 17 55020.91830196 32.092
  38 308.654904  -1.076581     2.435     2.368 16 55030.83394398 31.528
  39 308.655531  -1.077201     2.226     2.136 17 55040.74958584 32.856
  40 308.657188  -1.075027     1.802     1.756 17 55050.66522601 33.738
  41 308.660492  -1.076279     1.251     1.376 15 55060.58086496 31.216
  42 308.662145  -1.079606     1.862     1.791 11 55070.49650742 18.471
  43 308.657327  -1.074842     2.427     2.438 16 55080.41215536 28.853
  44 308.654977  -1.077861     2.472     2.525 16 55090.32780307 30.240
  45 308.653306  -1.079581     1.855     1.807 15 55100.24344939 28.793
  46 308.653020  -1.079581     1.324     1.292 16 55110.15909486 26.884
  47 308.654464  -1.079343     1.124     1.278 16 55120.07473874 27.972
  48 308.655523  -1.077819     1.026     1.201 16 55129.99037973 28.316
  49 308.655363  -1.076102     1.838     1.594 16 55139.90601872 33.987
  50 308.655580  -1.076197     2.299     2.319 17 55149.82165739 33.177
  51 308.656716  -1.074929     1.207     1.402 16 55159.73729601 28.331
  52 308.658897  -1.073820     1.077     1.189 17 55169.65293457 31.881
  54 308.659325  -1.073608     1.144     1.332 17 55189.48421943 30.092
  55 308.655835  -1.075841     2.338     2.362 16 55199.39987059 32.293
  56 308.653936  -1.079100     1.773     1.858 16 55209.31552107 39.711
  57 308.652915  -1.078837     1.882     1.851 16 55219.23117019 32.493
  58 308.652701  -1.078841     2.113     2.043 16 55229.14681836 30.898
  59 308.653626  -1.080638     1.471     1.643 16 55239.06246382 28.109
  60 308.652775  -1.078761     1.823     1.774 16 55248.97810471 35.731
  61 308.652331  -1.080035     2.687     2.649 16 55258.89374413 29.886
  62 308.652679  -1.080996     2.329     2.350 16 55268.80938306 30.135
  63 308.653436  -1.079420     2.346     2.288 15 55278.72502148 30.245
  64 308.655655  -1.077066     2.306     2.196 16 55288.64065869 28.272
  65 308.658254  -1.072643     2.071     2.057 17 55298.55629313 41.485
  66 308.658819  -1.074003     1.574     1.551 17 55308.47193705 37.334
  67 308.656467  -1.074500     2.122     1.979 17 55318.38758332 31.104
  68 308.655345  -1.077406     2.652     2.614 16 55328.30322878 30.227
  69 308.654970  -1.077357     2.554     2.484 16 55338.21887282 29.953
  70 308.655752  -1.076257     2.121     2.123 16 55348.13451620 29.521
  71 308.656692  -1.075485     1.713     1.705 16 55358.05015785 32.060
  72 308.657020  -1.076036     1.407     1.576 17 55367.96579763 37.244
  73 308.657175  -1.076036     1.880     1.871 17 55377.88143595 41.668
  74 308.657950  -1.074800     2.555     2.525 17 55387.79707351 26.941
  75 308.662690  -1.080654     2.738     2.738 10 55397.71271218 46.535
  77 308.661551  -1.078265     1.760     1.670 13 55417.54400680 19.988
  78 308.656960  -1.074207     1.297     1.424 17 55427.45965335 33.570
  79 308.655291  -1.077789     1.509     1.504 16 55437.37529881 31.079
  80 308.654011  -1.078692     2.204     2.154 16 55447.29094219 32.296
  81 308.654369  -1.078883     1.704     1.762 16 55457.20658500 28.788
  82 308.655348  -1.076671     0.990     1.202 16 55467.12222662 30.205
  83 308.657341  -1.074467     1.171     1.175 17 55477.03786510 33.771
  84 308.659994  -1.075085     1.055     0.990 16 55486.95350109 31.415
  85 308.665613  -1.086987     1.146     1.077  5 55496.86913768 24.764
  86 308.666839  -1.089422     1.628     1.617  3 55506.78477467 20.633
  87 308.658553  -1.073811     1.281     1.373 17 55516.70042164 32.812
  88 308.657907  -1.074413     1.127     1.593 17 55526.61607181 32.262
  89 308.657113  -1.074784     1.020     1.314 16 55536.53171995 32.213
  90 308.655896  -1.076102     0.971     1.180 17 55546.44736604 31.889
  91 308.654503  -1.078456     0.825     1.030 17 55556.36301032 32.340
  92 308.653609  -1.078604     1.040     1.064 16 55566.27865307 34.440
  93 308.654903  -1.077507     1.855     1.849 16 55576.19429490 28.138
  94 308.657093  -1.075848     2.299     2.240 17 55586.10993476 31.323
  95 308.658781  -1.072391     2.085     2.056 17 55596.02557095 31.050
  96 308.665236  -1.086032     1.293     1.350  5 55605.94120796 21.226
  98 308.667387  -1.090816     2.006     2.006  2 55625.77248292 20.586
  99 308.658960  -1.073901     2.256     2.291 17 55635.68813129 27.044
 100 308.657756  -1.073415     2.778     2.791 17 55645.60378160 31.686
 101 308.657508  -1.074916     2.666     2.620 17 55655.51942963 32.007
 102 308.656848  -1.075261     1.986     1.872 16 55665.43507276 26.104
 103 308.656144  -1.075730     2.205     2.148 16 55675.35071264 30.883
 104 308.656466  -1.076054     1.871     1.819 16 55685.26635054 27.976
 105 308.657936  -1.073898     2.459     2.392 17 55695.18198666 33.731
 108 308.658866  -1.073038     2.198     2.144 17 55724.92891707 27.215
 109 308.656763  -1.075187     1.943     1.925 17 55734.84456404 37.677
 110 308.655805  -1.077312     1.944     1.871 17 55744.76021004 33.404
 111 308.655576  -1.076459     2.097     2.081 17 55754.67585410 26.976
 112 308.656930  -1.074383     2.573     2.540 17 55764.59149581 31.251
 113 308.658365  -1.072688     2.570     2.581 17 55774.50713481 30.515
 114 308.660349  -1.075831     2.119     2.078 14 55784.42277155 22.552
 115 308.664701  -1.085145     1.092     1.076  7 55794.33840718 27.548
 117 308.665139  -1.085705     1.270     1.271  5 55814.16969324 25.369
 118 308.666426  -1.088560     2.017     2.021  3 55824.08534078 20.125
 123 308.661087  -1.077389     0.715     0.802 14 55873.66354597 25.402
 133 308.656250  -1.075032     2.151     2.171 17 55972.81998315 41.601
 134 308.657965  -1.074329     1.914     1.807 17 55982.73561974 30.813
 136 308.667066  -1.090078     2.583     2.651  3 56002.56690766 20.970
 137 308.658405  -1.073388     2.752     2.841 17 56012.48255363 33.266
 139 308.655095  -1.077308     2.723     2.695 16 56032.31384398 34.876
 141 308.656705  -1.074860     2.244     2.205 17 56052.14512298 33.323
 142 308.661484  -1.078396     2.151     2.156 13 56062.06075948 20.755
 144 308.658157  -1.072348     2.788     2.943 17 56081.89204698 31.564
 145 308.656844  -1.075579     2.592     2.603 16 56091.80769517 31.101
 146 308.656213  -1.075961     2.066     2.012 17 56101.72334069 27.544
 147 308.656458  -1.075269     1.853     1.766 16 56111.63897197 30.189
 148 308.658172  -1.074790     1.846     1.791 17 56121.55461151 31.765
 149 308.663575  -1.082454     2.631     2.600  8 56131.47024933 19.657
 151 308.658339  -1.073760     2.053     2.017 17 56151.30153298 28.217
 152 308.657009  -1.074691     1.880     1.802 16 56161.21718171 30.175
 153 308.657300  -1.074808     1.761     1.673 17 56171.13282856 30.028
 154 308.658364  -1.074262     0.941     0.965 17 56181.04847106 29.671
 155 308.658683  -1.073020     2.265     2.282 17 56190.96410951 29.273
 156 308.659062  -1.073030     2.149     2.253 16 56200.87974562 27.088
 157 308.666273  -1.088028     1.582     1.521  3 56210.79538348 21.835
 160 308.663647  -1.082760    -1.777    -2.673  9 56240.54231977 29.275
 161 308.658111  -1.074563     1.272     1.343 17 56250.45796712 29.379
 162 308.656972  -1.074864     1.647     1.792 16 56260.37361170 28.171
 163 308.656841  -1.074487     1.536     1.589 17 56270.28925354 31.238
 164 308.657395  -1.072961     1.350     1.392 17 56280.20489328 30.720
 165 308.656546  -1.075843     0.974     1.022 16 56290.12054526 29.117
 166 308.655683  -1.076771     0.907     0.919 16 56300.03619330 26.858
 167 308.655170  -1.077471     1.303     1.335 16 56309.95183729 25.894
 168 308.655072  -1.078375     2.634     2.631 16 56319.86747931 29.362
 169 308.654727  -1.076931     2.699     2.707 16 56329.78312028 32.027
 170 308.656307  -1.076321     2.292     2.314 17 56339.69876104 27.255
 171 308.658408  -1.072790     1.953     1.917 17 56349.61439918 29.407
 173 308.657808  -1.074724     1.917     1.734 17 56369.44568736 32.426
 175 308.653272  -1.078769     2.787     2.792 16 56389.27698075 33.665
 176 308.654437  -1.078182     2.497     2.403 17 56399.19262377 34.870
 177 308.656216  -1.075374     2.572     2.528 16 56409.10826368 34.170
 178 308.658328  -1.072155     2.152     2.104 17 56419.02389905 32.670
 180 308.657128  -1.074927     2.850     2.877 17 56438.85518634 28.037
 181 308.654916  -1.077683     2.360     2.526 16 56448.77083771 24.080
 182 308.654478  -1.078366     2.429     2.314 17 56458.68648683 34.270
 183 308.654718  -1.078496     2.407     2.348 16 56468.60213270 33.713
 184 308.655245  -1.077915     2.061     2.019 16 56478.51777440 29.923
 185 308.655937  -1.076460     1.552     1.541 17 56488.43341201 31.273
 187 308.663141  -1.081603     1.776     1.795  9 56508.26468234 16.748
 190 308.662539  -1.080425     1.610     1.574 10 56538.01162299 20.538
 191 308.658201  -1.074832     1.280     1.353 17 56547.92726681 28.755
 192 308.656115  -1.076144     1.757     1.700 16 56557.84290992 25.695
 193 308.655493  -1.076047     2.087     2.172 16 56567.75855232 30.430
 194 308.657274  -1.075841     2.466     2.471 17 56577.67419386 30.449
 195 308.664704  -1.084998     1.908     1.866  6 56587.58983438 18.346
 197 308.658105  -1.072924     1.059     1.291 17 56607.42112514 30.310
 198 308.656046  -1.075757     1.161     1.164 16 56617.33677244 30.838
 199 308.655708  -1.076330     1.858     2.056 16 56627.25241585 30.460
 200 308.656859  -1.074238     1.919     1.835 17 56637.16805586 32.347
 201 308.658920  -1.072856     2.009     2.000 17 56647.08369719 29.751
 202 308.656977  -1.074267     1.641     1.651 17 56656.99934917 29.302
 203 308.655645  -1.077069     1.068     1.177 17 56666.91499727 31.980
 205 308.654181  -1.077240     1.983     2.038 16 56686.74628704 32.880
 206 308.655830  -1.076715     2.167     2.232 16 56696.66192969 30.116
 207 308.658389  -1.073757     2.525     2.514 17 56706.57756738 29.297
 209 308.656313  -1.074670   -31.991   -30.922 17 56726.40885579 17.190
 211 308.652570  -1.080966     2.147     2.262 16 56746.24015184 30.130
 212 308.654557  -1.078980     2.578     2.604 16 56756.15579280 30.385
 213 308.657775  -1.072986     2.877     2.873 17 56766.07142722 34.469
 214 308.661501  -1.078172     2.403     2.387 13 56775.98706878 31.727
 215 308.655753  -1.077082     2.139     2.074 16 56785.90272421 30.007
 216 308.652375  -1.081878     2.303     2.195 16 56795.81837768 33.720
 217 308.650252  -1.082742     2.081     2.103 15 56805.73402630 27.400
 219 308.654118  -1.078762     2.692     2.816 17 56825.56530670 31.907
 220 308.656557  -1.075784   -29.458   -30.914 17 56835.48094136 18.070
 221 308.659146  -1.073245     1.627     1.744 17 56845.39657267 30.928
 222 308.657682  -1.073334     2.021     1.945 17 56855.31221895 33.054
 223 308.656151  -1.076527     1.614     1.691 17 56865.22787252 32.288
 224 308.654917  -1.077222     2.167     2.139 17 56875.14352463 31.833
 225 308.654478  -1.078236     2.669     2.597 16 56885.05917373 31.628
 226 308.653905  -1.078454     2.500     2.458 16 56894.97481967 29.877
 227 308.653117  -1.079878     1.843     1.747 16 56904.89046281 32.451
 228 308.652259  -1.080938     1.676     1.685 15 56914.80610409 28.908
 229 308.652722  -1.078985     1.238     1.297 16 56924.72174334 26.448
 230 308.655806  -1.076707     1.779     1.776 16 56934.63738015 28.509
 231 308.665660  -1.087106     2.380     2.372  5 56944.55301497 21.410
 232 308.662401  -1.080073     2.239     2.230 11 56954.46866267 19.797
 233 308.656999  -1.074741     1.465     1.490 17 56964.38431129 30.562
 234 308.655377  -1.077292     1.106     0.994 16 56974.29995694 26.716
 235 308.655510  -1.076728     1.039     1.274 16 56984.21559755 26.101
 236 308.658219  -1.073340     1.286     1.377 18 56994.13123264 28.158
 238 308.658117  -1.072552     2.221     2.166 17 57013.96252667 32.375
 239 308.656272  -1.076372     2.122     2.071 17 57023.87817835 22.865
 240 308.654685  -1.077711     1.271     1.219 16 57033.79382741 28.914
 241 308.654880  -1.078541     1.239     1.183 16 57043.70947433 31.503
 242 308.655737  -1.077523     1.003     1.102 16 57053.62511849 25.953
 243 308.656812  -1.074631     2.477     2.468 17 57063.54075770 28.321
 244 308.658360  -1.072778     2.480     2.705 17 57073.45639207 37.935
 246 308.658807  -1.073783     1.709     1.658 17 57093.28767237 31.034
 247 308.655730  -1.076892     2.048     1.885 17 57103.20332948 33.253
 248 308.654793  -1.078024     1.670     1.669 17 57113.11898235 26.797
 249 308.655386  -1.077566     2.785     2.734 17 57123.03462897 31.920
 250 308.655730  -1.076627     2.759     2.848 16 57132.95027002 29.941
