#    0.000   0.000   0.000 ;Mean Elev.(m), Avg Gradient(m/km), RMS Gradient(m/km) - SRTM1     
#    0.000   0.000   0.000 ;Mean Elev.(m), Avg Gradient(m/km), RMS Gradient(m/km) - ASTER GDEM
#    1.145  -0.534   5.132 ;Mean Elev.(m), Avg Gradient(m/km), RMS Gradient(m/km) - GMTED2010 
   1 306.142136  -1.960916     5.633     6.041 18 54660.98845451 28.033
   2 306.139270  -1.959457     5.390     5.531 29 54670.90409892 27.094
   3 306.138132  -1.959965    -2.854    -2.362 30 54680.81974252 21.254
   4 306.139447  -1.959516     5.496     5.495 29 54690.73538525 21.977
   5 306.142617  -1.958342    -0.627    -0.270 30 54700.65102592 23.435
   6 306.143378  -1.957961     5.230     5.188 29 54710.56667221 23.858
   7 306.140690  -1.958816     4.295     4.620 30 54720.48232369 20.497
   8 306.136732  -1.959899     4.239     4.269 30 54730.39797235 23.891
   9 306.133982  -1.961940     3.657     3.595 30 54740.31361951 22.942
  10 306.132961  -1.962344     3.150     2.923 30 54750.22926623 23.512
  11 306.133055  -1.961891     2.878     2.727 30 54760.14491260 23.048
  12 306.134521  -1.962063     3.237     3.044 29 54770.06055683 19.572
  13 306.140060  -1.972858     2.956     3.008 20 54779.97620033 24.587
  14 306.137194  -1.961036     3.633     3.569 30 54789.89183614 19.776
  15 306.137897  -1.960137     3.516     3.520 29 54799.80747377 19.118
  17 306.141679  -1.958370     3.926     3.881 29 54819.63875084 19.195
  18 306.140043  -1.958736     4.089     4.074 29 54829.55440373 28.134
  19 306.137300  -1.960141     4.338     4.339 29 54839.47004322 21.968
  20 306.133459  -1.961193     3.616     4.048 30 54849.38569262 27.605
  21 306.131463  -1.963524     4.182     4.481 30 54859.30134170 25.702
  22 306.130671  -1.963823     4.608     4.702 30 54869.21699038 25.697
  23 306.131429  -1.963334     4.685     4.898 29 54879.13263789 24.888
  24 306.132994  -1.962586     5.485     5.744 29 54889.04828221 29.407
  25 306.132940  -1.962698     5.646     5.853 29 54898.96392333 29.642
  26 306.131372  -1.962363     5.801     6.066 30 54908.87956205 28.181
  27 306.131293  -1.962911     6.013     6.200 30 54918.79520004 29.216
  28 306.132885  -1.961412     5.981     6.297 30 54928.71083776 28.352
  29 306.136711  -1.960968     6.277     6.550 30 54938.62647519 28.665
  30 306.140239  -1.959128     6.501     6.865 29 54948.54211062 29.888
  31 306.142195  -1.957665     6.708     6.999 30 54958.45774733 35.379
  32 306.140118  -1.959022     5.909     6.830 30 54968.37339601 27.571
  33 306.138228  -1.959559     6.626     6.794 29 54978.28904312 30.787
  34 306.137091  -1.960059     6.664     6.998 30 54988.20469006 28.561
  35 306.136950  -1.960572     6.686     6.914 29 54998.12033714 31.433
  36 306.136673  -1.960247     6.359     6.722 29 55008.03598222 31.007
  37 306.136389  -1.960154     6.306     6.594 30 55017.95162542 32.231
  38 306.136108  -1.961684     6.166     6.315 30 55027.86726775 28.180
  39 306.135616  -1.961670     6.139     6.580 30 55037.78290947 28.107
  40 306.137015  -1.960769     5.979     6.289 29 55047.69855031 25.999
  41 306.140040  -1.959337     6.017     6.118 29 55057.61418936 27.034
  42 306.142402  -1.958042     5.790     5.866 30 55067.52982710 27.262
  43 306.139773  -1.959308     5.431     5.526 29 55077.44547759 25.623
  44 306.136005  -1.960648     5.289     5.336 29 55087.36112530 22.698
  45 306.133750  -1.962829     4.840     4.957 30 55097.27677149 24.477
  46 306.133218  -1.962562     4.355     4.294 29 55107.19241674 23.229
  47 306.134283  -1.961785     3.714     3.595 30 55117.10806135 25.134
  48 306.135523  -1.960811     3.506     3.273 30 55127.02370363 23.699
  49 306.136493  -1.961249     3.032     2.807 30 55136.93934398 24.038
  50 306.136889  -1.961047     3.315     3.133 30 55146.85498251 21.117
  51 306.137474  -1.959866     3.391     3.331 29 55156.77062052 19.926
  52 306.139268  -1.960262     2.823     2.721 30 55166.68625919 21.795
  53 306.140824  -1.958240     2.823     2.601 30 55176.60189709 20.577
  54 306.141701  -1.958934     3.028     2.975 30 55186.51754060 21.582
  55 306.138449  -1.959513     3.867     3.426 30 55196.43319201 23.400
  56 306.134978  -1.960477     3.771     3.767 30 55206.34884202 21.676
  57 306.133382  -1.962235     4.171     4.218 29 55216.26449152 22.801
  58 306.132784  -1.963117     4.631     4.558 30 55226.18014012 22.863
  59 306.132883  -1.962532     4.304     4.347 29 55236.09578602 24.370
  60 306.133602  -1.961638     4.200     4.514 30 55246.01142848 27.768
  61 306.133541  -1.962288     5.306     5.295 29 55255.92706860 33.591
  62 306.132539  -1.962212     4.892     4.904 30 55265.84270743 28.588
  63 306.132894  -1.962545     5.375     5.424 29 55275.75834591 28.573
  64 306.135062  -1.961176     5.530     5.546 29 55285.67398349 26.531
  65 306.138824  -1.959634     5.468     5.601 30 55295.58961924 32.897
  66 306.140589  -1.959409     5.880     6.036 30 55305.50525917 29.275
  67 306.138334  -1.959923     5.867     6.071 30 55315.42090644 28.835
  68 306.136861  -1.961416     6.611     6.615 30 55325.33655210 45.254
  69 306.135850  -1.960237     5.755     6.150 30 55335.25219572 30.583
  70 306.136420  -1.961065     5.941     6.153 30 55345.16783933 28.931
  71 306.137015  -1.961080     5.870     6.091 30 55355.08348177 29.277
  72 306.137408  -1.960672     5.768     5.920 29 55364.99912207 27.389
  73 306.137672  -1.959371     6.333     6.325 30 55374.91476068 34.226
  74 306.139137  -1.959502     5.770     5.754 29 55384.83039881 27.114
  75 306.140928  -1.959195     5.922     5.900 30 55394.74603621 27.209
  76 306.142885  -1.957808     5.760     5.720 30 55404.66167505 27.496
  77 306.141025  -1.958831     5.571     5.610 29 55414.57732681 31.741
  78 306.138972  -1.960068     4.449     4.882 30 55424.49297561 29.504
  79 306.136910  -1.960572     4.760     4.781 29 55434.40862148 25.232
  80 306.135001  -1.961188     4.001     4.033 30 55444.32426565 27.614
  81 306.134240  -1.961283     3.372     3.538 30 55454.23990842 27.439
  82 306.135800  -1.962202     3.907     3.766 30 55464.15555067 23.899
  83 306.137581  -1.959286     3.332     2.995 30 55474.07118962 24.687
  84 306.140125  -1.959163     2.965     2.543 30 55483.98682634 25.151
  85 306.141374  -1.958761     2.374     2.001 30 55493.90246095 28.243
  86 306.142257  -1.957149     2.444     2.289 30 55503.81809441 28.737
  87 306.140519  -1.958165     2.781     2.327 29 55513.73374307 26.374
  88 306.139346  -1.958787     3.183     3.015 29 55523.64939321 22.239
  89 306.138223  -1.959728     3.290     3.104 30 55533.56504181 20.895
  90 306.136426  -1.959742     3.048     2.904 30 55543.48068834 22.415
  91 306.135254  -1.961437     2.168     2.448 29 55553.39633320 27.560
  92 306.134039  -1.960881     2.647     2.683 30 55563.31197621 29.093
  93 306.135189  -1.960606     3.299     3.254 30 55573.22761864 21.431
  94 306.137546  -1.960957     3.409     3.456 30 55583.14325977 33.795
  95 306.139302  -1.959379     4.212     4.338 29 55593.05889707 31.068
  96 306.140855  -1.957980     4.898     4.879 29 55602.97453099 47.155
  97 306.142279  -1.957187     4.372     4.620 29 55612.89016317 27.647
  98 306.148059  -1.970245     5.264     5.221 19 55622.80580231 34.053
  99 306.140687  -1.959058     5.928     5.982 30 55632.72145267 46.694
 100 306.139388  -1.959515     5.342     5.517 29 55642.63710380 26.575
 101 306.138764  -1.959489     5.583     5.671 30 55652.55275203 27.472
 102 306.138221  -1.960282     5.736     5.902 30 55662.46839620 28.076
 103 306.136987  -1.960422     5.986     6.187 29 55672.38403687 27.796
 104 306.136873  -1.960755     6.104     6.287 29 55682.29967583 31.631
 105 306.138692  -1.959170     5.810     6.037 29 55692.21531275 25.088
 106 306.141821  -1.957360     7.126     7.140 30 55702.13094799 38.503
 107 306.143023  -1.957364     7.120     7.143 29 55712.04659006 36.280
 108 306.140633  -1.959108     6.340     6.620 30 55721.96223922 30.322
 109 306.138129  -1.960645     7.261     7.255 30 55731.87788644 47.918
 110 306.136778  -1.961019     6.324     6.293 30 55741.79353250 26.366
 111 306.136373  -1.959776     6.332     6.316 30 55751.70917726 27.103
 112 306.137926  -1.959574     6.314     6.287 29 55761.62482021 25.493
 113 306.139188  -1.958858     5.968     6.015 29 55771.54046019 26.766
 114 306.140048  -1.959182     5.816     5.775 30 55781.45609690 26.321
 115 306.141149  -1.958835     5.497     5.630 29 55791.37173062 27.824
 116 306.148053  -1.970213     5.226     5.188 20 55801.28736579 27.653
 117 306.142096  -1.958238     4.750     4.897 29 55811.20301228 25.512
 118 306.141662  -1.957661     3.533     3.930 30 55821.11866027 26.213
 119 306.142368  -1.957084     3.640     3.710 30 55831.03430362 22.674
 120 306.143776  -1.959039     3.537     3.663 28 55840.94994303 22.158
 121 306.144288  -1.960404     3.399     3.035 28 55850.86557945 24.089
 123 306.141280  -1.958163     3.092     2.945 30 55870.69686570 22.145
 133 306.137011  -1.960583     5.209     5.382 29 55969.85330813 28.658
 134 306.138269  -1.959503     5.904     6.035 30 55979.76894478 33.330
 135 306.141683  -1.958791     5.565     5.789 30 55989.68458101 31.231
 136 306.142688  -1.957911     5.859     6.119 29 55999.60022464 32.655
 137 306.140595  -1.958634     6.045     6.362 30 56009.51587599 32.164
 138 306.138325  -1.959506     5.988     6.130 29 56019.43152311 31.803
 139 306.136439  -1.961569     5.393     5.578 30 56029.34716721 33.461
 141 306.136772  -1.960428     6.156     6.393 29 56049.17844816 29.561
 142 306.139806  -1.959013     5.319     5.762 30 56059.09408483 34.099
 143 306.154471  -1.987037     7.169     7.179  6 56069.00972555 31.968
 144 306.141020  -1.958474     5.744     5.810 30 56078.92536918 32.356
 145 306.138051  -1.960039     6.053     6.608 29 56088.84101741 31.720
 146 306.136558  -1.960558     6.229     6.495 30 56098.75666324 30.264
 147 306.137294  -1.961269     5.934     6.175 30 56108.67230719 29.894
 148 306.138749  -1.959275     5.915     5.953 29 56118.58793626 31.673
 149 306.141410  -1.958947     5.588     5.652 30 56128.50357371 28.069
 150 306.142728  -1.957259     5.591     5.877 30 56138.41920716 29.269
 151 306.140060  -1.958651     5.361     5.465 29 56148.33485447 27.508
 152 306.138474  -1.960212     5.111     5.328 29 56158.25050333 28.163
 153 306.137915  -1.959153     4.912     5.068 30 56168.16615054 29.920
 154 306.139056  -1.959708     4.663     4.832 29 56178.08179532 25.174
 155 306.140033  -1.959009     4.646     4.620 29 56187.99743531 23.453
 156 306.140882  -1.959280     4.130     3.985 30 56197.91307214 24.446
 157 306.141674  -1.958139     4.097     3.892 29 56207.82870611 19.093
 158 306.151991  -1.980536     4.468     4.603 11 56217.74434444 24.517
 159 306.153619  -1.984820     4.244     3.977  8 56227.65998982 24.116
 160 306.142057  -1.958523     3.273     3.017 29 56237.57563836 18.539
 161 306.140314  -1.959648     2.713     2.582 30 56247.49128953 24.343
 162 306.138993  -1.960186     1.431     2.104 30 56257.40693553 20.227
 163 306.138294  -1.960619     2.739     2.808 30 56267.32257792 18.808
 164 306.138032  -1.959763    -4.208    -3.852 30 56277.23821824 27.584
 165 306.137142  -1.959823     3.427     3.360 30 56287.15386586 17.539
 166 306.136860  -1.960662     3.174     3.252 29 56297.06951530 19.851
 167 306.136313  -1.960611     3.381     3.786 30 56306.98516054 30.136
 168 306.135960  -1.961750     2.983     3.827 30 56316.90080334 27.834
 169 306.135230  -1.961181     3.441     3.852 30 56326.81644448 25.225
 170 306.136513  -1.961075     5.169     5.098 29 56336.73208511 25.305
 171 306.138698  -1.958799     4.563     4.973 30 56346.64772398 31.088
 172 306.146997  -1.972799    12.547     6.160 17 56356.56336423 30.912
 173 306.139818  -1.959374     5.443     5.649 29 56366.47900905 29.118
 176 306.134278  -1.961324     6.125     6.311 30 56396.22594696 31.455
 177 306.136155  -1.961474     6.173     6.254 30 56406.14158814 35.262
 178 306.138841  -1.960480     6.530     6.785 30 56416.05722564 33.798
 179 306.142308  -1.958311     6.447     6.671 30 56425.97285822 30.704
 180 306.139771  -1.958365     6.558     6.910 30 56435.88850714 30.707
 181 306.136483  -1.960487     6.425     6.551 30 56445.80415894 32.392
 182 306.134457  -1.960686     6.148     6.362 30 56455.71980826 32.737
 183 306.134428  -1.962053     5.977     6.037 30 56465.63545512 33.183
 184 306.135402  -1.962111     6.522     6.612 30 56475.55109800 32.497
 185 306.136817  -1.961124     5.713     6.000 30 56485.46673720 43.798
 187 306.140261  -1.958616     5.551     5.420 29 56505.29800724 28.162
 189 306.142687  -1.957132     5.521     5.815 30 56525.12929243 29.320
 190 306.141267  -1.957947     5.311     5.363 30 56535.04494281 30.521
 192 306.137459  -1.960356     4.647     4.826 29 56554.87623356 24.217
 193 306.136559  -1.959703     4.447     4.394 30 56564.79187610 25.809
 194 306.137868  -1.960184     4.646     4.615 30 56574.70751799 22.648
 195 306.140400  -1.959182     4.473     4.377 30 56584.62315708 22.205
 196 306.149342  -1.973540     4.550     4.601 16 56594.53879673 23.654
 197 306.140255  -1.959036     3.947     3.846 29 56604.45444652 20.905
 198 306.137414  -1.959330     3.786     3.687 30 56614.37009494 19.766
 199 306.136857  -1.959749     3.679     3.666 30 56624.28573949 44.113
 200 306.137708  -1.959925     3.618     3.913 30 56634.20138112 23.867
 201 306.140605  -1.958710     4.259     4.252 29 56644.11701767 21.461
 202 306.138467  -1.959598     4.129     4.177 30 56654.03267021 22.407
 203 306.136737  -1.960487     3.126     3.757 29 56663.94831891 24.292
 205 306.134855  -1.961349     4.160     4.595 29 56683.77961049 23.193
 206 306.135790  -1.960382     4.478     4.683 30 56693.69525376 31.116
 207 306.138685  -1.959146     5.340     5.379 29 56703.61089293 26.986
 208 306.141983  -1.958287     4.925     5.131 29 56713.52652689 28.906
 209 306.138551  -1.959721     5.363     5.683 30 56723.44217634 30.697
 210 306.134135  -1.960938     5.380     5.347 30 56733.35782715 33.473
 211 306.132701  -1.962485     5.505     5.429 30 56743.27347452 30.877
 212 306.134099  -1.961492     5.886     5.756 30 56753.18911707 32.491
 213 306.138047  -1.959968     6.624     6.821 30 56763.10475422 35.232
 214 306.141794  -1.957504     6.445     6.499 30 56773.02038623 32.754
 215 306.137364  -1.960869     6.552     6.641 30 56782.93604371 33.660
 216 306.133048  -1.962469     6.095     6.020 29 56792.85169738 31.519
 217 306.130439  -1.964105     6.189     6.492 30 56802.76734861 31.938
 218 306.131462  -1.963385     6.416     6.617 29 56812.68299203 31.347
 219 306.133605  -1.962194     6.487     6.814 30 56822.59863187 31.244
 220 306.136301  -1.960792     6.114     6.126 29 56832.51426748 30.888
 221 306.139424  -1.959465     6.099     6.199 29 56842.42989967 30.714
 222 306.140223  -1.959239     5.945     6.195 30 56852.34553910 31.656
 223 306.137543  -1.960684     5.814     5.885 30 56862.26119292 30.912
 224 306.135952  -1.960886     5.709     6.103 29 56872.17684586 29.212
 225 306.135262  -1.960733     5.547     5.809 30 56882.09249570 28.960
 226 306.134957  -1.961790     5.388     5.778 30 56892.00814223 29.373
 227 306.133391  -1.962301     5.678     5.619 29 56901.92378555 27.079
 228 306.131470  -1.962161     5.701     5.694 30 56911.83942702 28.448
 229 306.132203  -1.961872     5.212     5.154 30 56921.75506743 24.933
 230 306.135547  -1.960519     4.776     4.766 30 56931.67070586 24.778
 231 306.140505  -1.958599     4.569     4.556 30 56941.58633932 23.112
 232 306.142155  -1.958472     3.956     3.866 29 56951.50198146 24.816
 233 306.138561  -1.959804     3.860     3.760 30 56961.41763308 24.059
 234 306.135922  -1.961151     3.849     3.758 30 56971.33327960 26.101
 235 306.135654  -1.960126     3.665     3.535 30 56981.24892160 25.406
 236 306.138699  -1.959449     3.607     3.579 29 56991.16455935 26.407
 237 306.155804  -1.990497     4.085     4.070  3 57001.08019843 27.165
 238 306.140328  -1.958246     3.910     3.909 29 57010.99584748 21.277
 239 306.137733  -1.960292     4.360     4.379 30 57020.91149940 22.660
 240 306.135463  -1.960829     4.365     4.410 30 57030.82714849 23.779
 241 306.134736  -1.961079     4.302     4.309 30 57040.74279607 23.129
 242 306.135454  -1.960741     3.872     4.482 30 57050.65844168 26.621
 243 306.137711  -1.960278     4.333     4.491 29 57060.57408330 25.141
 244 306.139650  -1.958371     4.979     5.017 30 57070.48971894 25.610
 245 306.141426  -1.957563     5.547     5.505 30 57080.40535037 29.245
 246 306.141003  -1.958888     5.028     5.261 30 57090.32099110 29.699
 247 306.136427  -1.959983     4.936     5.005 30 57100.23664857 31.416
 248 306.135270  -1.961429     4.944     4.755 29 57110.15230315 31.886
 249 306.136336  -1.961384     5.345     5.199 30 57120.06795199 34.128
 250 306.137091  -1.961339     5.918     5.918 30 57129.98359495 34.899
