#    0.000   0.000   0.000 ;Mean Elev.(m), Avg Gradient(m/km), RMS Gradient(m/km) - SRTM1     
#    0.000   0.000   0.000 ;Mean Elev.(m), Avg Gradient(m/km), RMS Gradient(m/km) - ASTER GDEM
#   72.217  -1.309   5.756 ;Mean Elev.(m), Avg Gradient(m/km), RMS Gradient(m/km) - GMTED2010 
   2 288.473385  -3.848091    71.953    71.901  5 54669.45832851 39.968
   3 288.472486  -3.847439    71.688    71.463  5 54679.37397229 49.754
   4 288.473633  -3.848467    70.194    70.161  5 54689.28961467 46.468
   5 288.476182  -3.851292    69.635    69.620  4 54699.20525468 50.279
   6 288.477528  -3.851818    72.309    73.583  4 54709.12089836 27.169
   7 288.475110  -3.850013    68.303    68.371  5 54719.03654977 29.390
   8 288.472367  -3.846185    70.614    70.613  4 54728.95219923 36.677
   9 288.469455  -3.844303    73.602    73.593  5 54738.86784711 22.180
  10 288.468463  -3.842086    70.412    68.988  5 54748.78349532 24.211
  11 288.468367  -3.841052    70.915    70.425  5 54758.69914313 24.727
  12 288.468635  -3.842828    69.859    69.809  5 54768.61478814 38.754
  13 288.469659  -3.843912    72.263    72.282  5 54778.53042991 43.805
  14 288.470305  -3.844984    72.296    72.173  5 54788.44606899 28.168
  15 288.470956  -3.845537    72.245    71.980  5 54798.36170684 49.696
  17 288.474976  -3.850323    72.370    72.374  4 54818.19298113 38.349
  18 288.474322  -3.849283    73.138    73.911  4 54828.10863211 26.901
  19 288.472361  -3.845679    71.091    71.038  5 54838.02427165 45.721
  20 288.469205  -3.842726    74.061    74.115  5 54847.93992147 45.947
  21 288.467071  -3.840870    75.041    75.047  6 54857.85557085 25.897
  22 288.467243  -3.837934    75.664    75.587  7 54867.77122082 46.355
  23 288.467248  -3.839123    76.062    76.072  7 54877.68686922 41.843
  24 288.467360  -3.842233    76.367    76.466  5 54887.60251405 28.375
  25 288.467643  -3.839843    76.527    76.529  6 54897.51815646 31.003
  26 288.467462  -3.836364    76.824    76.692  7 54907.43379610 49.789
  27 288.467461  -3.836828    76.938    76.898  7 54917.34943339 47.431
  28 288.468194  -3.841184    76.680    76.710  5 54927.26506975 28.222
  29 288.470542  -3.845599    77.074    77.134  5 54937.18070557 23.907
  30 288.473904  -3.848483    77.001    76.964  4 54947.09634002 28.906
  31 288.476585  -3.851562    77.723    77.667  4 54957.01197317 47.661
  32 288.474721  -3.849657    77.774    77.792  5 54966.92762177 44.919
  33 288.473116  -3.847209    77.527    77.514  5 54976.84326980 43.554
  34 288.472008  -3.846105    44.058    44.310  5 54986.75891770 13.528
  35 288.471769  -3.846446    76.498    76.452  5 54996.67456551 34.469
  36 288.471887  -3.845782    75.942    75.942  4 55006.59021184 31.673
  37 288.470963  -3.846336    75.156    75.146  5 55016.50585543 46.548
  38 288.470084  -3.845563    74.634    74.510  5 55026.42149769 31.576
  39 288.470412  -3.843342    74.073    74.086  5 55036.33713970 46.333
  40 288.471693  -3.845119    72.786    72.759  5 55046.25278008 49.852
  41 288.474241  -3.849083    71.249    71.192  5 55056.16841828 50.272
  42 288.476713  -3.851262    71.143    70.950  5 55066.08405465 45.969
  43 288.474278  -3.849653    71.123    71.134  4 55075.99970382 45.640
  44 288.471118  -3.845869    74.055    74.071  5 55085.91535227 19.532
  45 288.469044  -3.842678    68.440    68.391  5 55095.83099938 42.125
  46 288.468268  -3.842801    72.906    73.869  5 55105.74664576 22.696
  47 288.469115  -3.842280    69.662    69.633  5 55115.66229215 31.486
  48 288.469907  -3.842961    71.455    71.845  5 55125.57793588 28.668
  49 288.469911  -3.844837    70.469    70.382  5 55135.49357657 35.899
  50 288.470312  -3.845007    69.045    69.021  5 55145.40921528 42.287
  51 288.471110  -3.845228    69.939    69.944  4 55155.32485303 45.001
  52 288.472249  -3.846862    70.964    70.809  5 55165.24049070 33.967
  53 288.474499  -3.848358    74.097    74.055  5 55175.15612826 46.681
  54 288.476045  -3.849889    74.857    74.806  4 55185.07176851 50.195
  55 288.473593  -3.847904    75.187    75.188  4 55194.98741995 32.822
  56 288.470391  -3.845291    74.790    74.814  5 55204.90307037 42.228
  57 288.468956  -3.841603    72.810    72.700  5 55214.81872069 47.854
  58 288.467910  -3.841220    72.286    72.203  5 55224.73436988 26.706
  59 288.467579  -3.842139    73.921    73.997  5 55234.65001700 25.863
  60 288.468339  -3.842451    74.505    74.447  5 55244.56566087 33.716
  61 288.468271  -3.841037    74.429    74.413  5 55254.48130182 49.507
  62 288.467473  -3.839803    74.328    74.337  5 55264.39694054 46.174
  63 288.467372  -3.841485    75.071    75.062  5 55274.31257754 47.778
  64 288.469284  -3.844599    74.830    74.841  5 55284.22821381 39.443
  65 288.473077  -3.846527    74.874    74.858  5 55294.14384894 25.908
  66 288.474837  -3.849354    75.742    75.690  5 55304.05948565 37.906
  67 288.473504  -3.847002    75.761    75.756  5 55313.97513311 32.438
  68 288.472123  -3.845678    75.708    75.660  5 55323.89077864 42.961
  69 288.471226  -3.845699    75.724    75.730  5 55333.80642286 42.383
  70 288.470939  -3.845969    75.245    75.173  5 55343.72206689 35.258
  71 288.471374  -3.845895    74.566    74.537  4 55353.63771056 23.916
  72 288.471834  -3.846633    74.067    73.982  5 55363.55335178 50.184
  73 288.472342  -3.847196    72.266    72.290  5 55373.46899106 45.032
  74 288.473591  -3.847204    71.796    71.772  5 55383.38462903 47.851
  75 288.474623  -3.849217    77.438    75.488  5 55393.30026566 17.745
  76 288.476623  -3.852527    71.541    71.480  4 55403.21590103 34.697
  77 288.475742  -3.849800    69.991    69.896  5 55413.13155290 39.110
  78 288.473756  -3.849085    69.335    69.290  5 55423.04720157 31.506
  79 288.472361  -3.846339    67.027    66.978  4 55432.96284831 40.074
  80 288.470131  -3.845102    65.747    65.794  5 55442.87849317 31.583
  81 288.469185  -3.844274    66.955    66.935  5 55452.79413687 42.605
  82 288.469835  -3.845077    66.966    66.940  5 55462.70977965 35.747
  83 288.471506  -3.846771    66.032    66.030  5 55472.62542041 34.094
  84 288.473028  -3.848228    65.614    65.581  5 55482.54105829 39.388
  85 288.473893  -3.849144    67.336    67.380  4 55492.45669385 47.313
  86 288.475162  -3.850335    68.607    66.840  4 55502.37232751 29.733
  87 288.474586  -3.848764    69.758    68.235  4 55512.28797320 26.573
  88 288.473573  -3.847445    69.628    69.614  4 55522.20362278 34.658
  89 288.472470  -3.846951    69.948    69.870  4 55532.11927083 42.155
  90 288.471822  -3.844880    71.185    71.248  5 55542.03491780 49.438
  91 288.470771  -3.844081    69.559    69.570  5 55551.95056262 34.269
  92 288.469797  -3.843431    71.246    71.245  5 55561.86620628 45.494
  93 288.470283  -3.843634    71.428    71.418  5 55571.78184929 40.822
  94 288.470993  -3.845873    71.620    71.522  5 55581.69749074 36.322
  95 288.472630  -3.846525    70.080    69.936  5 55591.61312934 29.758
  96 288.473818  -3.849005    72.098    72.143  4 55601.52876408 30.054
  97 288.475151  -3.850257    72.717    72.740  4 55611.44439664 35.286
  98 288.476708  -3.851504    73.468    73.345  5 55621.36002899 45.113
  99 288.474237  -3.849115    74.387    74.361  5 55631.27568163 44.824
 100 288.473452  -3.848143    74.503    74.459  5 55641.19133202 38.404
 101 288.473213  -3.848003    75.383    75.377  5 55651.10697962 34.164
 102 288.472837  -3.846713    76.552    76.333  5 55661.02262382 46.008
 103 288.471838  -3.845853    77.070    77.108  5 55670.93826478 47.479
 104 288.471346  -3.846788    77.303    77.322  5 55680.85390399 34.474
 105 288.473135  -3.848312    77.724    77.564  5 55690.76954162 46.271
 106 288.475970  -3.849869    77.194    77.182  4 55700.68517766 30.551
 107 288.476720  -3.852011    76.825    76.835  5 55710.60081757 30.499
 108 288.474410  -3.849719    76.320    76.327  4 55720.51646775 41.599
 109 288.472720  -3.846142    75.392    75.483  5 55730.43211590 50.755
 110 288.471452  -3.846227    74.589    74.306  5 55740.34776181 27.880
 111 288.471590  -3.846053    73.929    73.843  5 55750.26340660 42.548
 112 288.472623  -3.846843    74.170    74.120  5 55760.17904891 41.243
 113 288.473664  -3.847805    72.951    72.946  4 55770.09468841 45.901
 114 288.474434  -3.848282    71.482    71.434  4 55780.01032482 42.350
 115 288.475411  -3.849221    69.906    69.871  4 55789.92595888 36.376
 116 288.476934  -3.851719    67.880    67.796  5 55799.84159182 40.244
 117 288.475864  -3.850897    67.283    67.247  5 55809.75723984 41.677
 118 288.475513  -3.850007    67.926    67.892  5 55819.67288938 41.765
 119 288.475991  -3.850099    74.260    74.248  4 55829.58853427 23.421
 120 288.475887  -3.850995    71.530    71.426  4 55839.50417432 40.999
 121 288.475711  -3.850439    72.504    71.627  5 55849.41981140 31.252
 122 288.476297  -3.851607    70.100    70.110  5 55859.33544591 50.195
 123 288.475008  -3.850421    69.012    69.036  4 55869.25109500 38.376
 133 288.470624  -3.844842    76.486    76.488  4 55968.40754092 36.386
 134 288.471869  -3.846398    76.660    76.648  4 55978.32317697 36.346
 135 288.474495  -3.849548    76.819    76.725  5 55988.23881207 41.034
 136 288.476559  -3.851217    77.232    77.193  4 55998.15445198 51.909
 137 288.475312  -3.849215    77.724    77.586  4 56008.07010302 51.947
 138 288.473262  -3.847969    78.202    78.194  5 56017.98574980 44.307
 139 288.471584  -3.844716    78.473    78.369  5 56027.90139434 48.209
 141 288.471887  -3.845152    78.506    78.462  5 56047.73267752 35.129
 142 288.474151  -3.848126    78.110    78.008  5 56057.64831493 33.953
 143 288.477603  -3.851418    78.014    77.996  4 56067.56394792 40.955
 144 288.475384  -3.849174    77.342    77.316  4 56077.47959770 42.207
 145 288.472597  -3.846611    76.231    76.194  4 56087.39524635 28.961
 146 288.471346  -3.845819    75.096    75.052  4 56097.31089211 39.730
 147 288.471897  -3.846588    72.190    72.166  4 56107.22653554 45.641
 148 288.473422  -3.848124    74.665    74.471  4 56117.14216453 21.210
 149 288.475091  -3.850454    75.001    74.689  4 56127.05780135 22.940
 150 288.476652  -3.851129    72.038    72.118  5 56136.97343493 35.955
 151 288.474895  -3.849769    70.350    70.312  5 56146.88907986 40.423
 152 288.473213  -3.847621    77.041    75.777  4 56156.80472986 17.818
 153 288.472970  -3.846264    76.857    75.842  5 56166.72037897 19.507
 154 288.472863  -3.847667    69.540    69.580  5 56176.63602510 30.537
 155 288.473543  -3.848663    76.791    75.552  4 56186.55166644 18.018
 156 288.474311  -3.847958    67.059    67.049  5 56196.46730421 31.937
 157 288.474538  -3.849487    68.479    68.474  4 56206.38293826 35.425
 158 288.476291  -3.850723    70.493    69.422  5 56216.29857079 33.757
 159 288.477069  -3.853184    70.006    69.972  4 56226.21421071 33.545
 160 288.476285  -3.850584    70.266    70.239  5 56236.12986609 51.607
 161 288.475034  -3.848920    69.371    69.363  4 56246.04551751 46.282
 162 288.473257  -3.848476    72.391    70.521  5 56255.96116379 28.335
 163 288.472374  -3.847147    71.733    71.588  5 56265.87680678 35.234
 164 288.472184  -3.846596    77.103    75.658  5 56275.79244816 19.319
 165 288.471618  -3.846750    73.101    73.072  5 56285.70809494 42.625
 166 288.471125  -3.845541    74.515    74.491  4 56295.62374609 34.041
 167 288.470666  -3.843737    75.894    75.832  5 56305.53939312 34.856
 168 288.469646  -3.843266    76.024    75.955  5 56315.45503609 36.879
 169 288.469673  -3.842104    76.252    76.188  5 56325.37067709 37.997
 170 288.470471  -3.844434    76.227    76.100  5 56335.28631638 50.897
 171 288.472815  -3.846734    76.175    76.075  5 56345.20195472 34.053
 172 288.475277  -3.849762    76.807    76.652  5 56355.11759059 38.933
 173 288.474426  -3.849188    77.041    76.958  4 56365.03323584 44.138
 174 288.472165  -3.846114    77.475    77.386  5 56374.94888506 38.260
 176 288.469545  -3.843498    77.411    77.328  5 56394.78017553 34.847
 177 288.470628  -3.844706    77.484    77.400  5 56404.69581745 29.463
 178 288.472697  -3.846834    77.285    77.253  5 56414.61145615 30.247
 179 288.475690  -3.850086    77.285    76.828  5 56424.52708962 33.311
 180 288.474446  -3.849643    76.103    76.095  5 56434.44273573 42.379
 181 288.471540  -3.845577    75.835    75.781  5 56444.35838790 39.529
 182 288.470013  -3.843214    75.217    75.223  5 56454.27403723 48.595
 183 288.469671  -3.843266    75.546    75.556  5 56464.18968335 52.462
 184 288.470630  -3.843679    75.218    75.150  5 56474.10532606 52.168
 185 288.471541  -3.846084    73.688    73.696  5 56484.02096511 36.719
 187 288.474205  -3.849208    76.303    74.612  4 56503.85223586 20.991
 188 288.477088  -3.853201    75.146    74.033  4 56513.76786853 26.886
 189 288.476841  -3.851239    74.141    72.003  5 56523.68351963 31.890
 190 288.475163  -3.849551    77.018    76.657  5 56533.59917195 23.755
 192 288.471737  -3.845608    69.856    69.895  4 56553.43046535 47.142
 193 288.471176  -3.845035    69.886    69.892  4 56563.34610794 38.738
 194 288.471892  -3.845820    70.591    70.541  4 56573.26174900 53.029
 195 288.473660  -3.848572    71.262    71.205  4 56583.17738757 49.611
 196 288.476854  -3.852368    71.847    71.763  4 56593.09302158 42.144
 197 288.474926  -3.849560    75.152    77.021  5 56603.00867404 27.278
 198 288.472728  -3.846991    71.655    71.572  5 56612.92432374 39.002
 199 288.471727  -3.846144    72.828    72.773  5 56622.83996922 31.450
 200 288.471766  -3.846155    72.908    72.839  5 56632.75561184 34.646
 201 288.473688  -3.847827    73.660    73.635  5 56642.67124982 35.223
 202 288.472433  -3.846736    73.839    73.637  4 56652.58690081 25.354
 203 288.470787  -3.844657    74.461    72.671  5 56662.50255100 26.647
 204 288.469403  -3.843414    74.729    74.723  4 56672.41819786 45.934
 205 288.469434  -3.841927    75.784    75.656  5 56682.33384301 48.715
 206 288.470467  -3.843490    74.942    74.927  5 56692.24948542 51.146
 207 288.472618  -3.847218    74.818    74.876  5 56702.16512348 46.332
 208 288.475503  -3.849319    74.811    74.816  4 56712.08075697 32.822
 209 288.473443  -3.848021    41.517    38.244  5 56721.99640289 18.380
 210 288.470168  -3.844128    76.053    76.011  4 56731.91205489 38.289
 211 288.468514  -3.842831    76.610    76.648  5 56741.82770304 42.758
 212 288.469593  -3.842713    76.736    76.736  5 56751.74334691 29.158
 213 288.472003  -3.846330    76.855    76.826  4 56761.65898490 29.330
 214 288.475642  -3.849752    77.182    77.276  5 56771.57461615 34.622
 215 288.471776  -3.847110    77.248    77.262  5 56781.49027195 30.963
 216 288.469162  -3.841422    77.398    77.347  5 56791.40592709 43.033
 217 288.466976  -3.838392    77.290    77.295  7 56801.32157853 40.683
 218 288.467612  -3.838486    76.859    76.886  6 56811.23722234 35.912
 219 288.468671  -3.842407    76.822    76.710  5 56821.15286098 45.174
 220 288.470837  -3.845732    25.293    24.096  5 56831.06849583 20.756
 221 288.473560  -3.848616    75.952    75.264  5 56840.98412770 31.877
 222 288.475128  -3.849677    75.420    74.634  5 56850.89976398 31.750
 223 288.472518  -3.847066    72.733    72.676  5 56860.81541887 40.935
 224 288.471200  -3.845486    71.825    71.793  5 56870.73107308 34.014
 225 288.470513  -3.844824    70.855    70.853  5 56880.64672437 29.905
 226 288.469811  -3.843367    72.229    72.717  5 56890.56237210 32.208
 227 288.468435  -3.841294    70.132    70.122  5 56900.47801680 40.272
 228 288.467216  -3.839463    69.365    69.359  6 56910.39365920 41.056
 229 288.467590  -3.841282    70.033    70.065  5 56920.30929919 49.697
 230 288.470747  -3.843478    70.468    70.530  5 56930.22493723 47.830
 231 288.474275  -3.848974    70.401    70.377  5 56940.14056986 50.290
 232 288.476212  -3.851598    72.083    72.078  4 56950.05620736 43.894
 233 288.473397  -3.847932    70.904    70.878  4 56959.97186003 35.468
 234 288.471060  -3.845341    71.158    71.146  4 56969.88750773 30.135
 235 288.470681  -3.845604    72.292    72.304  5 56979.80315134 29.289
 236 288.472742  -3.846754    76.071    74.877  4 56989.71879063 22.449
 237 288.476144  -3.851280    75.385    74.242  4 56999.63442302 26.460
 238 288.474000  -3.849124    75.686    74.693  5 57009.55007699 27.884
 239 288.471335  -3.846532    74.691    74.588  5 57019.46573001 37.370
 240 288.470112  -3.842895    75.407    75.346  5 57029.38138002 37.558
 241 288.468978  -3.844052    75.798    75.594  5 57039.29702711 39.332
 242 288.470459  -3.843235    75.936    76.015  5 57049.21267246 43.346
 243 288.472210  -3.846061    76.693    76.550  5 57059.12831317 52.355
 244 288.474148  -3.848291    76.499    76.449  5 57069.04394843 34.555
 245 288.475519  -3.849857    76.837    76.830  4 57078.95957972 36.370
 246 288.475603  -3.850803    76.803    76.731  4 57088.87521609 42.635
 247 288.472162  -3.846403    77.116    77.093  4 57098.79087533 39.190
 248 288.470591  -3.844921    77.482    77.444  5 57108.70653113 34.815
 249 288.470991  -3.845259    77.654    77.612  5 57118.62218142 31.526
 250 288.471570  -3.844475    78.181    78.181  5 57128.53782571 41.079
