#    0.000   0.000   0.000 ;Mean Elev.(m), Avg Gradient(m/km), RMS Gradient(m/km) - SRTM1     
#    0.000   0.000   0.000 ;Mean Elev.(m), Avg Gradient(m/km), RMS Gradient(m/km) - ASTER GDEM
#    0.861   0.269   5.363 ;Mean Elev.(m), Avg Gradient(m/km), RMS Gradient(m/km) - GMTED2010 
   1 308.703001  -1.194603     0.439     0.337  6 54663.95516008 27.162
   2 308.703400  -1.200699     1.513     1.430 11 54673.87080576 30.944
   3 308.702768  -1.201661   -41.697   -38.707 11 54683.78644911 26.063
   4 308.703699  -1.200012     1.223     1.317 11 54693.70209096 37.947
   5 308.706827  -1.199214   -70.284   -63.256 11 54703.61773085 18.545
   6 308.706229  -1.199176     2.366     2.404 11 54713.53338102 27.369
   7 308.704306  -1.200847  -101.420  -101.377 11 54723.44903216  4.881
   8 308.700553  -1.202361     1.769     1.706 12 54733.36468057 41.740
   9 308.695665  -1.198805     1.011     1.095  8 54743.28032619 36.411
  10 308.694491  -1.198520     1.147     1.131  7 54753.19597229 32.617
  11 308.695668  -1.198880     1.248     1.239  7 54763.11161816 31.350
  12 308.697487  -1.198822     2.064     2.060  9 54773.02726145 25.145
  13 308.699875  -1.201731     1.972     1.933 10 54782.94290269 26.051
  14 308.700947  -1.201522     1.654     1.720 11 54792.85854111 26.771
  17 308.704966  -1.199672     0.915     0.938 11 54822.60545987 40.331
  18 308.702983  -1.201254     2.240     2.291 11 54832.52110105 35.653
  19 308.699762  -1.201624     2.623     2.592 10 54842.43675157 26.973
  20 308.695515  -1.198795     2.063     1.968  8 54852.35239994 27.851
  21 308.692950  -1.197408     1.816     1.898  7 54862.26804818 29.480
  22 308.692457  -1.198102     1.682     1.685  6 54872.18369675 29.209
  23 308.693315  -1.198365     1.413     1.545  7 54882.09934335 29.522
  24 308.694608  -1.198561     2.861     2.883  7 54892.01498660 25.693
  25 308.694276  -1.197825     3.004     3.041  7 54901.93062675 24.701
  26 308.693698  -1.198171     2.569     2.611  8 54911.84626575 24.854
  27 308.694067  -1.199168     2.395     2.463  7 54921.76190415 26.675
  28 308.696035  -1.198253     2.409     2.429  8 54931.67754182 26.360
  29 308.701624  -1.201839     1.682     1.619 12 54941.59317923 27.986
  30 308.705755  -1.201170     2.627     2.717 11 54951.50881390 29.085
  31 308.705775  -1.200487     2.817     2.854 11 54961.42445549 30.886
  32 308.703077  -1.200350     2.436     2.495 11 54971.34010387 33.069
  33 308.701947  -1.201312     2.752     2.695 11 54981.25575115 33.821
  34 308.701689  -1.201982   -75.258   -75.214 11 54991.17139795  8.812
  35 308.700908  -1.201679     1.753     1.732 11 55001.08704404 29.632
  36 308.700360  -1.202470     2.460     2.453 12 55011.00268859 32.954
  37 308.700302  -1.203341     2.822     2.860 12 55020.91833177 33.034
  38 308.699066  -1.200413     2.492     2.404  9 55030.83397321 29.071
  39 308.700137  -1.202288     2.347     2.424 11 55040.74961536 34.419
  40 308.702239  -1.201367     1.737     1.763 12 55050.66525583 29.597
  41 308.705100  -1.201369     1.296     1.206 11 55060.58089448 30.099
  42 308.704974  -1.199690     1.785     1.718 11 55070.49653576 26.043
  43 308.702391  -1.201178     2.423     2.364 11 55080.41218518 29.015
  44 308.698702  -1.200442     2.474     2.482 10 55090.32783200 27.950
  45 308.695688  -1.198411     1.923     2.011  8 55100.24347744 27.233
  46 308.695399  -1.198411     1.503     1.479  7 55110.15912290 32.288
  47 308.697289  -1.199423     1.243     1.308  8 55120.07476707 36.262
  48 308.699691  -1.201650     1.038     1.088 11 55129.99040896 38.818
  49 308.700427  -1.202432     2.257     2.276 11 55139.90604854 26.166
  50 308.700644  -1.202527     2.342     2.342 12 55149.82168720 27.462
  51 308.701774  -1.201260     1.297     1.354 11 55159.73732582 33.328
  52 308.704396  -1.201402     0.960     0.982 11 55169.65296468 40.287
  53 308.706438  -1.200080     0.872     0.870 10 55179.56860208 41.316
  54 308.704821  -1.201184     0.895     1.029 11 55189.48424953 39.634
  55 308.700884  -1.202164     2.198     2.173 11 55199.39990040 29.096
  56 308.696752  -1.199167     2.545     2.560  8 55209.31554941 33.297
  57 308.695728  -1.198902     1.987     1.854  8 55219.23119852 29.581
  58 308.695513  -1.198904     2.335     2.349  8 55229.14684669 24.582
  59 308.695548  -1.198197     1.793     1.769  8 55239.06249156 30.277
  60 308.695594  -1.198820     1.863     1.796  8 55248.97813305 34.773
  61 308.694708  -1.198842     2.558     2.567  7 55258.89377218 23.139
  62 308.694610  -1.198553     2.309     2.329  8 55268.80941081 26.357
  63 308.695811  -1.198231     2.348     2.434  8 55278.72504952 29.577
  64 308.700258  -1.202131     2.507     2.557 12 55288.64068821 28.202
  65 308.703750  -1.200210     1.989     1.977 11 55298.55632324 29.565
  66 308.704318  -1.201568     1.253     1.236 11 55308.47196716 32.573
  67 308.701969  -1.202064     1.778     1.760 11 55318.38761342 28.935
  68 308.699508  -1.201218     2.378     2.338 11 55328.30325801 29.647
  69 308.698684  -1.199922     2.743     2.746 10 55338.21890175 29.552
  70 308.700800  -1.202577     2.137     2.144 11 55348.13454601 29.527
  71 308.701740  -1.201809     1.813     1.837 11 55358.05018766 26.442
  72 308.701623  -1.201112     1.707     1.622 11 55367.96582715 47.773
  73 308.701781  -1.201115     1.742     1.697 11 55377.88146547 39.691
  74 308.703449  -1.202385     2.408     2.454 11 55387.79710362 25.617
  75 308.705067  -1.199485     2.466     2.496 11 55397.71274022 30.153
  76 308.706989  -1.199880     2.213     2.137 11 55407.62838448 31.143
  77 308.705271  -1.200851     1.769     1.659 11 55417.54403572 26.775
  78 308.702468  -1.201795     1.278     1.298 11 55427.45968346 37.343
  79 308.699463  -1.201623     1.487     1.517 11 55437.37532803 32.347
  80 308.696843  -1.198773     2.207     2.251  8 55447.29097052 25.852
  81 308.697199  -1.198964     1.787     1.661  8 55457.20661334 25.444
  82 308.700407  -1.203008     1.602     1.614 11 55467.12225644 31.658
  83 308.702847  -1.202053     1.315     1.254 11 55477.03789521 37.761
  84 308.705056  -1.201420     0.854     1.007 11 55486.95353090 45.047
  85 308.705769  -1.199562     0.475     0.714 11 55496.86916424 45.196
  86 308.706102  -1.199496     1.306     1.241 11 55506.78480064 30.883
  87 308.704058  -1.201398     1.430     1.351 11 55516.70045174 28.255
  88 308.703408  -1.201999     1.512     1.462 11 55526.61610192 28.389
  89 308.702165  -1.201118     1.509     1.508 11 55536.53174976 39.218
  90 308.700947  -1.202433     1.089     1.170 12 55546.44739585 41.008
  91 308.697322  -1.198529     0.981     0.945  9 55556.36303865 37.325
  92 308.696426  -1.198675     1.107     1.133  8 55566.27868141 34.348
  93 308.698611  -1.200076     2.133     2.186 10 55576.19432383 30.365
  94 308.702141  -1.202166     2.592     2.550 12 55586.10996458 30.170
  95 308.704278  -1.199958     2.176     2.146 11 55596.02560106 28.408
  96 308.706275  -1.201091     0.999     1.061 11 55605.94123512 29.948
  97 308.707165  -1.200193     1.085     0.930 11 55615.85686688 32.025
  98 308.706194  -1.199622     1.206     1.069 11 55625.77250860 28.853
  99 308.704457  -1.201468     2.096     2.047 11 55635.68816140 28.077
 100 308.703253  -1.200981     2.768     2.744 11 55645.60381171 28.683
 101 308.703007  -1.202481     2.795     2.810 11 55655.51945974 34.995
 102 308.701902  -1.201575     1.996     2.014 11 55665.43510258 25.128
 103 308.701197  -1.202043     2.109     2.136 11 55675.35074245 29.878
 104 308.701517  -1.202368     1.746     1.784 11 55685.26638035 26.327
 105 308.703431  -1.201466     2.301     2.196 11 55695.18201676 34.451
 106 308.706848  -1.199691     2.826     2.796 10 55705.09765175 31.835
 107 308.706798  -1.199869     2.193     2.300 10 55715.01329884 37.425
 108 308.704362  -1.200614     2.104     2.169 11 55724.92894718 31.258
 109 308.701813  -1.201516     1.802     1.810 12 55734.84459386 30.925
 110 308.700410  -1.202394     1.934     1.783 11 55744.76023956 35.248
 111 308.700628  -1.202794     1.999     1.914 12 55754.67588392 35.389
 112 308.702433  -1.201969     2.402     2.366 11 55764.59152591 34.184
 113 308.703872  -1.200273     2.617     2.623 11 55774.50716492 28.431
 114 308.704521  -1.199662     2.242     2.147 11 55784.42280077 27.576
 115 308.705748  -1.200222     1.073     0.967 11 55794.33843434 33.092
 116 308.707104  -1.200494     0.995     0.957 11 55804.25407138 34.383
 117 308.706182  -1.200782     0.795     0.902 11 55814.16972039 43.233
 118 308.706578  -1.201135     1.636     1.555 11 55824.08536735 32.548
 119 308.707012  -1.200302     2.436     2.517 11 55834.00100939 25.954
 120 308.707430  -1.199898     1.794     1.986 11 55843.91664768 28.839
 123 308.705249  -1.201225     0.832     0.830 11 55873.66357519 39.717
 133 308.701749  -1.202596     2.054     2.022 11 55972.82001326 29.316
 134 308.703460  -1.201896     1.782     1.848 11 55982.73564984 26.627
 135 308.706938  -1.199843     1.416     1.315 10 55992.65128465 27.615
 136 308.706317  -1.200135     1.621     1.572 11 56002.56693364 26.751
 137 308.703905  -1.200950     2.706     2.802 11 56012.48258374 27.693
 139 308.699254  -1.201118     2.729     2.777 11 56032.31387320 38.205
 141 308.702194  -1.202427     1.998     1.872 11 56052.14515308 35.923
 142 308.705190  -1.200962     1.776     1.690 11 56062.06078840 32.467
 143 308.706991  -1.200290     2.548     2.739 11 56071.97642748 29.428
 144 308.703653  -1.199921     2.862     2.949 11 56081.89207709 28.377
 145 308.701895  -1.201905     2.512     2.419 11 56091.80772499 32.066
 146 308.701263  -1.202291     2.027     2.036 12 56101.72337051 29.562
 147 308.701509  -1.201601     1.818     1.776 11 56111.63900178 29.481
 148 308.703674  -1.202373     1.609     1.683 11 56121.55464162 41.139
 149 308.705959  -1.201281     2.479     2.444 11 56131.47027737 29.742
 150 308.706838  -1.199419     2.545     2.685 11 56141.38591232 27.772
 151 308.703846  -1.201342     2.184     2.140 11 56151.30156309 29.381
 152 308.702066  -1.201026     1.915     1.928 11 56161.21721152 27.369
 153 308.702801  -1.202394     1.782     1.741 11 56171.13285867 27.618
 154 308.703868  -1.201849     1.096     1.178 11 56181.04850117 43.462
 155 308.704192  -1.200607     1.957     1.952 11 56190.96413962 32.977
 156 308.705019  -1.201868    -0.672    -0.642 11 56200.87977602 12.091
 157 308.706427  -1.200607     1.667     1.535 11 56210.79541005 25.602
 160 308.705577  -1.200345     0.884     1.047 11 56240.54234752 42.359
 161 308.703610  -1.202151     1.423     1.489 11 56250.45799723 28.747
 162 308.702026  -1.201196     1.942     1.958 11 56260.37364152 26.145
 163 308.702339  -1.202067     1.772     1.784 11 56270.28928365 25.173
 164 308.702891  -1.200539     1.717     1.710 11 56280.20492339 26.616
 165 308.701595  -1.202167     1.263     1.219 11 56290.12057507 40.382
 166 308.700288  -1.201842     0.974     0.998 12 56300.03622282 39.150
 167 308.699333  -1.201288     1.441     1.413 11 56309.95186651 34.119
 168 308.698345  -1.199689     2.607     2.596  9 56319.86750794 27.234
 169 308.698890  -1.200747     2.692     2.756  9 56329.78314950 29.376
 170 308.701357  -1.202640     2.435     2.390 12 56339.69879085 29.037
 171 308.703901  -1.200360     2.006     2.028 11 56349.61442929 25.378
 172 308.706517  -1.199743     1.493     1.579 11 56359.53006641 30.860
 173 308.703306  -1.202289     1.813     1.833 11 56369.44571747 27.151
 175 308.696090  -1.198828     2.953     2.798  8 56389.27700908 30.730
 176 308.697696  -1.199494     2.754     2.818  8 56399.19265240 29.099
 177 308.701257  -1.201691     2.640     2.540 11 56409.10829349 36.834
 178 308.704262  -1.200975     2.212     2.119 12 56419.02392946 28.634
 179 308.706757  -1.200075     1.920     1.972 11 56428.93956301 29.229
 180 308.702623  -1.202500     2.746     2.698 11 56438.85521645 26.111
 181 308.698628  -1.200256     2.705     2.712 10 56448.77086664 25.397
 182 308.697745  -1.199692     2.484     2.569  8 56458.68651546 27.253
 183 308.697541  -1.198573     2.588     2.665  8 56468.60216103 26.965
 184 308.699409  -1.201744     2.153     2.088 11 56478.51780362 33.676
 185 308.700997  -1.202791     1.545     1.553 12 56488.43344183 33.015
 187 308.705524  -1.200430     1.652     1.555 10 56508.26471038 26.180
 189 308.706695  -1.200196     2.249     2.160 10 56528.09600209 28.957
 190 308.705366  -1.200507     1.666     1.682 10 56538.01165133 27.028
 191 308.703261  -1.201170     0.652     1.025 12 56547.92729663 41.531
 192 308.701176  -1.202483     1.618     1.642 11 56557.84293974 35.874
 193 308.700552  -1.202389     2.225     2.221 11 56567.75858214 34.802
 194 308.702330  -1.202184     2.419     2.514 12 56577.67422367 29.123
 195 308.706189  -1.201334     1.837     1.808 11 56587.58986183 27.723
 196 308.708894  -1.203736     1.189     1.212  7 56597.50550434 30.836
 197 308.703605  -1.200512     0.652     0.688 11 56607.42115525 42.212
 198 308.701099  -1.202090     1.261     1.298 11 56617.33680225 39.115
 199 308.700760  -1.202660     2.234     2.204 11 56627.25244566 29.645
 200 308.702357  -1.201816     2.248     2.170 11 56637.16808597 26.166
 201 308.704418  -1.200431     1.972     1.962 11 56647.08372729 27.129
 202 308.702477  -1.201839     1.801     1.800 11 56656.99937928 27.036
 203 308.700254  -1.202137     1.532     1.486 11 56666.91502679 36.366
 205 308.697448  -1.198556     2.055     2.090  9 56686.74631568 27.294
 206 308.700880  -1.203033     2.303     2.339 11 56696.66195951 32.077
 207 308.703884  -1.201324     2.506     2.536 11 56706.57759749 27.512
 208 308.706476  -1.199962     2.601     2.497 10 56716.49323212 29.380
 209 308.701807  -1.202232   -74.749   -74.412 11 56726.40888590  7.155
 211 308.694490  -1.198523     2.462     2.383  8 56746.24017959 29.067
 212 308.697367  -1.199039     2.590     2.606  8 56756.15582114 25.672
 213 308.703262  -1.200550     3.020     2.980 11 56766.07145733 27.386
 214 308.705206  -1.200734     3.186     3.133 11 56775.98709771 36.007
 215 308.700352  -1.202147     2.426     2.346 12 56785.90275373 29.044
 216 308.693853  -1.198192     2.380     2.452  7 56795.81840514 29.460
 217 308.691285  -1.197809     2.262     2.300  7 56805.73405346 27.222
 219 308.696941  -1.198833     3.038     2.944  9 56825.56533503 30.243
 220 308.701614  -1.202109   -74.428   -74.247 12 56835.48097117  7.336
 221 308.704650  -1.200822     1.754     1.637 11 56845.39660278 31.607
 222 308.703183  -1.200913     2.005     2.042 11 56855.31224906 27.838
 223 308.700759  -1.201606     1.604     1.622 11 56865.22790204 35.822
 224 308.699079  -1.201052     2.217     2.242 10 56875.14355385 34.858
 225 308.697304  -1.198314     2.890     2.881  8 56885.05920206 27.018
 226 308.696733  -1.198533     2.470     2.251  8 56894.97484801 28.830
 227 308.695499  -1.198710     2.071     2.033  7 56904.89049085 30.426
 228 308.694192  -1.198522     2.085     1.992  7 56914.80613183 29.622
 229 308.695545  -1.199074     1.665     1.625  8 56924.72177168 32.570
 230 308.700858  -1.203051     1.891     1.936 11 56934.63740996 33.528
 231 308.705807  -1.199689     2.301     2.291 11 56944.55304154 26.299
 232 308.705226  -1.200158     2.111     2.027 11 56954.46869100 28.266
 233 308.702502  -1.202328     1.784     1.767 11 56964.38434140 30.891
 234 308.699538  -1.201124     1.360     1.301 11 56974.29998616 38.955
 235 308.700561  -1.203059     1.118     1.283 11 56984.21562736 38.860
 236 308.704162  -1.202171     1.084     1.060 11 56994.13126304 38.541
 237 308.707123  -1.200045     1.947     1.759 10 57004.04690124 27.835
 238 308.703620  -1.200125     2.388     2.288 11 57013.96255678 35.295
 239 308.701329  -1.202693     2.274     2.220 12 57023.87820816 28.506
 240 308.697953  -1.199031     1.581     1.551  9 57033.79385604 33.924
 241 308.697698  -1.198610     1.445     1.411  8 57043.70950267 33.912
 242 308.700338  -1.202593     1.280     1.225 12 57053.62514801 38.207
 243 308.702308  -1.202200     2.546     2.511 11 57063.54078781 28.880
 244 308.703857  -1.200344     3.221     3.282 11 57073.45642218 41.364
 245 308.706384  -1.199355     2.521     2.635 11 57083.37205293 29.484
 246 308.704296  -1.201346     1.771     1.686 11 57093.28770248 27.989
 247 308.700322  -1.201956     2.130     2.105 11 57103.20335900 32.721
 248 308.698047  -1.199336     1.871     1.822  8 57113.11901099 29.930
 249 308.699536  -1.201379     2.934     2.901 10 57123.03465819 30.213
 250 308.700777  -1.202942     3.341     3.390 11 57132.95029984 31.907
